#,0,1,12,99,2,3,7,11,8,9,10,5,4,6,101,102,103,201,202,203,301,302,901,902,903,904,905,906,907,908,909,910,911,912,913,914,915,916,995,996,997,998,999,994
101,恶丐窝,7&1|16&2,6,一伙恶丐群聚于此地，他们不仅时常骚扰附近的百姓与旅人，还向周边散播着恶毒与疾病……\nC_20010需求毒术 杂学 10-50 C_D,1,1,1,5,510|516|510|516|510,1,1,3101&5|3102&4|3103&2|3104&1|3105&0,-1,1,-1,-1,-1,-1,-1,-1,0,2001,1013,1013,1013,1013,1013,1013,1001,1015,1019,1005,1007,1003,1009,1011,1017,1030,0&0,0&0,1,1|2|3|4|5|6,2001,4001
102,贼人营寨,12&1|2&2,12,一伙狡猾的贼人隐匿于此地，他们总在夜间行动，专门窃夺无辜百姓的财物……\nC_20010需求巧匠 杂学10-50 C_D,1,1,1,5,512|516|512|516|512,1,1,3201&5|3202&4|3203&2|3204&1|3205&0,-1,1,-1,-1,-1,-1,-1,-1,0,2002,1013,1013,1013,1013,1013,1013,1001,1015,1019,1005,1007,1003,1009,1011,1017,1030,0&0,0&0,1,1|2|3|4|5|6,2002,4002
103,悍匪砦,17&2|12&3,12,大批气焰嚣张的匪类于此地占路夺桥，拉帮结派，方圆数百里内，受其欺凌者不计其数……\nC_20010需求锻造 杂学 20-100 C_D,2,2,2,5,507|516|507|516|507,1,1,3301&5|3302&4|3303&2|3304&1|3305&0,-1,1,-1,-1,-1,-1,-1,-1,0,2003,1013,1013,1013,1013,1013,1013,1001,1015,1019,1005,1007,1003,1009,1011,1017,1030,0&0,0&0,1,1|2|3|4|5|6,2003,4003
104,叛徒结伙,7&2|10&3,16,此地聚集了许多来自不同门派的弃徒，他们或为复仇，或为奸恶目的，最终结成一伙，为害江湖……\nC_20010需求制木 杂学 30-150 C_D,3,3,3,5,508|516|508|516|508,1,1,3401&1|3402&1|3403&1|3404&1|3405&1|3406&1|3407&1|3408&1|3409&1|3410&1|3411&1|3412&1|3413&1|3414&1|3415&1,-1,1,-1,-1,-1,-1,-1,-1,0,2004,1013,1013,1013,1013,1013,1013,1001,1015,1019,1005,1007,1003,1009,1011,1017,1030,0&0,0&0,1,1|2|3|4|5|6,2004,4004
105,恶人谷,0&2|12&2|1&3,12,许多同时身负正邪两道数笔血债的亡命之徒盘踞于此地，因为过着刀口舔血、朝不保夕的日子，故而异常的凶恶……\nC_20010需求术数 杂学 40-200 C_D,4,4,4,5,505|516|505|516|505,1,1,3501&5|3502&4|3503&2|3504&1|3505&0,-1,1,-1,-1,-1,-1,-1,-1,0,2005,1013,1013,1013,1013,1013,1013,1001,1015,1019,1005,1007,1003,1009,1011,1017,1030,0&0,0&0,1,1|2|3|4|5|6,2005,4005
106,迷香阵,2&2|10&2|9&3,18,迷香阵笼罩在一片红雾之内，伴随着其中的细细笑语和靡靡乐音，阵阵异香不断地飘送出来……\nC_20010需求织锦 音律 40-200 C_D,4,4,4,5,511|501|501|501|511,1,1,3601&5|3602&4|3603&2|3604&1|3605&0,-1,1,-1,-1,-1,-1,-1,-1,0,2006,1013,1013,1013,1013,1013,1013,1001,1015,1019,1005,1007,1003,1009,1011,1017,1030,0&0,0&0,1,1|2|3|4|5|6,2006,4006
107,乱葬岗,13&2|16&3|18&3,18,弃置着众多枉死者尸身的不祥之地，随着一些江湖上的诡怪术士在此地频繁出入，更为此地蒙上了一层可怖的阴影……\nC_20010需求医术 毒术 50-250 C_D,5,5,5,5,509|510|510|510|509,1,1,3701&5|3702&4|3703&2|3704&1|3705&0,-1,1,-1,-1,-1,-1,-1,-1,0,2007,1013,1013,1013,1013,1013,1013,1001,1015,1019,1005,1007,1003,1009,1011,1017,1030,0&0,0&0,1,1|2|3|4|5|6,2007,4007
108,异士居,4&2|6&3|14&3,6,一些左道异士结庐居于此地，这些异士虽身怀绝技，但性情乖戾，善恶不分，行事只凭一时之兴……\nC_20010需求音律 弈棋 诗书 绘画 品鉴 60-300 C_D,6,6,6,5,501|502|503|504|506,1,1,3801&5|3802&4|3803&2|3804&1|3805&0,-1,1,-1,-1,-1,-1,-1,-1,0,2008,1013,1013,1013,1013,1013,1013,1001,1015,1019,1005,1007,1003,1009,1011,1017,1030,0&0,0&0,1,1|2|3|4|5|6,2008,4008
109,邪人死地,2&2|5&2|11&3|14&3,11,大批异疆邪教中人群聚于此，他们设坛祭鬼，施烟布瘴，每日杀人取乐，闻者无不色变……\nC_20010需求道法 70-350 C_D,7,7,7,5,513|513|513|513|513,1,1,3901&5|3902&4|3903&2|3904&1|3905&0,-1,1,-1,-1,-1,-1,-1,-1,0,2009,1013,1013,1013,1013,1013,1013,1001,1015,1019,1005,1007,1003,1009,1011,1017,1030,0&0,0&0,1,1|2|3|4|5|6,2009,4009
110,修罗场,15&2|17&2|12&3|16&3,16,发生过极多可怕杀戮的凶恶之地，许多曾在杀戮中失却心智的疯子与狂人受到炼心师的操弄，仍不断游荡在此地附近……\nC_20010需求医术 杂学70-350 C_D,7,7,7,5,509|516|509|516|509,1,1,4001&5|4002&4|4003&2|4004&1|4005&0,-1,1,-1,-1,-1,-1,-1,-1,0,2010,1013,1013,1013,1013,1013,1013,1001,1015,1019,1005,1007,1003,1009,1011,1017,1030,0&0,0&0,1,1|2|3|4|5|6,2010,4010
111,群魔乱舞,2&3|13&3|16&3|18&3,20,一支无名魔教的教众占据着此地，他们为了壮大自身的声势，不断以骇人的手段残害着武林正道的人士……\nC_20010需求佛学80-400 C_D,8,8,8,5,514|514|514|514|514,1,1,4101&5|4102&4|4103&2|4104&1|4105&0,-1,1,-1,-1,-1,-1,-1,-1,0,2011,1013,1013,1013,1013,1013,1013,1001,1015,1019,1005,1007,1003,1009,1011,1017,1030,0&0,0&0,1,1|2|3|4|5|6,2011,4011
112,弃世绝境,9&3|14&3|19&3|20&3,14,此地曾是某处世外绝境的屏障，直到无休止的江湖纷争蔓延至此，那些原本隐居于绝境中的人满怀着仇恨被迫重返尘世……\nC_20010需求道法 佛学 术数90-450 C_D,9,9,9,5,513|514|505|514|513,1,1,4201&5|4202&4|4203&2|4204&1|4205&0,-1,1,-1,-1,-1,-1,-1,-1,0,2012,1013,1013,1013,1013,1013,1013,1001,1015,1019,1005,1007,1003,1009,1011,1017,1030,0&0,0&0,1,1|2|3|4|5|6,2012,4012
