#,0,1,12,99,2,3,7,11,8,9,10,5,4,6,101,102,103,201,202,203,301,302,901,902,903,904,905,906,907,908,909,910,911,912,913,914,915,916,995,996,997,998,999,994
1,促织高鸣,1&1,16,此处万籁俱寂，偶尔传出几声促织的鸣叫，所谓“虫王出，百里肃”，有虫王的地方，通常方圆数十里内不闻杂音，或许能在此处捕捉到珍稀的促织。,1,1,1,1,516|516|516|516|516,0,0,0&0,-1,0,-1,-1,-1,99,-1,-1,0,1031,1013,1013,1013,1013,1013,1013,1001,1015,1019,1005,1007,1003,1009,1011,1017,1030,0&0,0&0,0,7,1001|1001|1001|1002,0
2,静谧竹庐,0&0,6,竹庐内外一片寂静，没有半点声响，通往竹庐的小径铺满落叶，似乎已许久没有人从这里走过。,0,1,1,1,505|505|505|505|505,0,0,0&0,-1,0,-1,-1,-1,-1,-1,-1,1034,1035,1013,1013,1013,1013,1013,1013,1001,1015,1023,1005,1007,1003,1009,1011,1017,1030,0&0,0&0,0,2|3|4|5|6,0,0
3,深谷出口,0&0,14,此地并无太多特异之处，只在东、南、西、北四角各有黑、白、青、黄四块隐于草木之中的巨石，若无人指引，极难发现，正是义父所绘地图中出谷的道路所在。,1,1,1,1,505|505|505|505|505,0,0,0&0,-1,0,-1,-1,-1,-1,-1,-1,0,1049,1013,1013,1013,1013,1013,1013,1001,1015,1019,1005,1007,1003,1009,1011,1017,1030,0&0,0&0,0,2|3|4|5|6,1001|1001|1001|1002,0
4,英雄猴杰,11&3,2,一只强壮的猿猴在此占地为王，谷中大多数的猿猴现下都已聚集在它的身边，它们除了整日喧闹不休，还时常在竹庐附近捣乱……,1,1,1,5,516|516|516|516|516,1,0,0&0,6,1,0|50,-1,-1,-1,-1,-1,0,1061,1013,1013,1013,1013,1013,1013,1001,1015,1019,1005,1007,1003,1009,1011,1017,1030,0&0,0&0,0,2|3|4|5|6,1002,0
5,古墓仙人,0&0,18,此处有一座年代久远的古墓，或许便是传说中那位“古墓仙人”的所在……,0,1,1,1,505|505|505|505|505,1,0,0&0,-1,0,-1,-1,-1,-1,-1,-1,1072,1073,1013,1013,1013,1013,1013,1013,1001,1015,1023,1005,1007,1003,1009,1011,1017,1030,0&0,0&0,0,2|3|4|5|6,0,0
6,大片血迹,10&1|7&1|0&1,2,大片血迹泼洒在此地的附近，不远处正有数人朝这边搜索过来……,2,1,1,1,509|516|509|516|509,1,0,0&0,3,1,4|50,-1,-1,-1,-1,-1,0,1208,1013,1013,1013,1013,1013,1013,1001,1015,1025,1005,1007,1003,1009,1011,1017,1030,0&0,0&0,0,2|3|4|5|6,0,0
7,大片血迹,10&1|7&1|0&1,2,大片血迹泼洒在此地的附近，不远处正有数人朝这边搜索过来……,2,1,1,1,509|516|509|516|509,1,0,0&0,3,1,4|50,-1,-1,-1,-1,-1,0,1209,1013,1013,1013,1013,1013,1013,1001,1015,1025,1005,1007,1003,1009,1011,1017,1030,0&0,0&0,0,2|3|4|5|6,0,0
8,大片血迹,10&1|7&1|0&1,2,大片血迹泼洒在此地的附近，不远处正有数人朝这边搜索过来……,2,1,1,1,509|516|509|516|509,1,0,0&0,3,1,4|50,-1,-1,-1,-1,-1,0,1210,1013,1013,1013,1013,1013,1013,1001,1015,1025,1005,1007,1003,1009,1011,1017,1030,0&0,0&0,0,2|3|4|5|6,0,0
9,七元符图,-1&2,16,义父曾提起过的符图，因对应人之七种赋性：聪颖、细腻、冷静、勇壮、坚毅、水性、福缘，故名七元符图。观望此符图有增长历练，引发感悟之用。,1,1,1,1,505|505|505|505|505,0,0,0&0,-1,0,-1,-1,-1,-1,-1,-1,1315,1316,1013,1013,1013,1013,1013,1013,1001,1015,1019,1005,1007,1003,1009,1011,1017,1030,0&0,0&0,0,2|3|4|5|6,1001|1001|1001|1002,0
101,恶丐窝,7&1|16&2,6,一伙恶丐群聚于此地，他们不仅时常骚扰附近的百姓与旅人，还向周边散播着恶毒与疾病……,1,1,1,5,510|516|510|516|510,1,1,3101&5|3102&4|3103&2|3104&1|3105&0,-1,1,-1,-1,-1,-1,-1,-1,0,2001,1013,1013,1013,1013,1013,1013,1001,1015,1019,1005,1007,1003,1009,1011,1017,1030,0&0,0&0,1,1|2|3|4|5|6,2001,4001
102,贼人营寨,12&1|2&2,12,一伙狡猾的贼人隐匿于此地，他们总在夜间行动，专门窃夺无辜百姓的财物……,1,1,1,5,512|516|512|516|512,1,1,3201&5|3202&4|3203&2|3204&1|3205&0,-1,1,-1,-1,-1,-1,-1,-1,0,2002,1013,1013,1013,1013,1013,1013,1001,1015,1019,1005,1007,1003,1009,1011,1017,1030,0&0,0&0,1,1|2|3|4|5|6,2002,4002
103,悍匪砦,17&2|12&3,12,大批气焰嚣张的匪类于此地占路夺桥，拉帮结派，方圆数百里内，受其欺凌者不计其数……,2,2,2,5,507|516|507|516|507,1,1,3301&5|3302&4|3303&2|3304&1|3305&0,-1,1,-1,-1,-1,-1,-1,-1,0,2003,1013,1013,1013,1013,1013,1013,1001,1015,1019,1005,1007,1003,1009,1011,1017,1030,0&0,0&0,1,1|2|3|4|5|6,2003,4003
104,叛徒结伙,7&2|10&3,16,此地聚集了许多来自不同门派的弃徒，他们或为复仇，或为奸恶目的，最终结成一伙，为害江湖……,3,3,3,5,508|516|508|516|508,1,1,3401&1|3402&1|3403&1|3404&1|3405&1|3406&1|3407&1|3408&1|3409&1|3410&1|3411&1|3412&1|3413&1|3414&1|3415&1,-1,1,-1,-1,-1,-1,-1,-1,0,2004,1013,1013,1013,1013,1013,1013,1001,1015,1019,1005,1007,1003,1009,1011,1017,1030,0&0,0&0,1,1|2|3|4|5|6,2004,4004
105,恶人谷,0&2|12&2|1&3,12,许多同时身负正邪两道数笔血债的亡命之徒盘踞于此地，因为过着刀口舔血、朝不保夕的日子，故而异常的凶恶……,4,4,4,5,505|516|505|516|505,1,1,3501&5|3502&4|3503&2|3504&1|3505&0,-1,1,-1,-1,-1,-1,-1,-1,0,2005,1013,1013,1013,1013,1013,1013,1001,1015,1019,1005,1007,1003,1009,1011,1017,1030,0&0,0&0,1,1|2|3|4|5|6,2005,4005
106,迷香阵,2&2|10&2|9&3,18,迷香阵笼罩在一片红雾之内，伴随着其中的细细笑语和靡靡乐音，阵阵异香不断地飘送出来……,4,4,4,5,511|501|501|501|511,1,1,3601&5|3602&4|3603&2|3604&1|3605&0,-1,1,-1,-1,-1,-1,-1,-1,0,2006,1013,1013,1013,1013,1013,1013,1001,1015,1019,1005,1007,1003,1009,1011,1017,1030,0&0,0&0,1,1|2|3|4|5|6,2006,4006
107,乱葬岗,13&2|16&3|18&3,18,弃置着众多枉死者尸身的不祥之地，随着一些江湖上的诡怪术士在此地频繁出入，更为此地蒙上了一层可怖的阴影……,5,5,5,5,509|510|510|510|509,1,1,3701&5|3702&4|3703&2|3704&1|3705&0,-1,1,-1,-1,-1,-1,-1,-1,0,2007,1013,1013,1013,1013,1013,1013,1001,1015,1019,1005,1007,1003,1009,1011,1017,1030,0&0,0&0,1,1|2|3|4|5|6,2007,4007
108,异士居,4&2|6&3|14&3,6,一些左道异士结庐居于此地，这些异士虽身怀绝技，但性情乖戾，善恶不分，行事只凭一时之兴……,6,6,6,5,501|502|503|504|506,1,1,3801&5|3802&4|3803&2|3804&1|3805&0,-1,1,-1,-1,-1,-1,-1,-1,0,2008,1013,1013,1013,1013,1013,1013,1001,1015,1019,1005,1007,1003,1009,1011,1017,1030,0&0,0&0,1,1|2|3|4|5|6,2008,4008
109,邪人死地,2&2|5&2|11&3|14&3,11,大批异疆邪教中人群聚于此，他们设坛祭鬼，施烟布瘴，每日杀人取乐，闻者无不色变……,7,7,7,5,513|513|513|513|513,1,1,3901&5|3902&4|3903&2|3904&1|3905&0,-1,1,-1,-1,-1,-1,-1,-1,0,2009,1013,1013,1013,1013,1013,1013,1001,1015,1019,1005,1007,1003,1009,1011,1017,1030,0&0,0&0,1,1|2|3|4|5|6,2009,4009
110,修罗场,15&2|17&2|12&3|16&3,16,发生过极多可怕杀戮的凶恶之地，许多曾在杀戮中失却心智的疯子与狂人受到炼心师的操弄，仍不断游荡在此地附近……,7,7,7,5,509|516|509|516|509,1,1,4001&5|4002&4|4003&2|4004&1|4005&0,-1,1,-1,-1,-1,-1,-1,-1,0,2010,1013,1013,1013,1013,1013,1013,1001,1015,1019,1005,1007,1003,1009,1011,1017,1030,0&0,0&0,1,1|2|3|4|5|6,2010,4010
111,群魔乱舞,2&3|13&3|16&3|18&3,20,一支无名魔教的教众占据着此地，他们为了壮大自身的声势，不断以骇人的手段残害着武林正道的人士……,8,8,8,5,514|514|514|514|514,1,1,4101&5|4102&4|4103&2|4104&1|4105&0,-1,1,-1,-1,-1,-1,-1,-1,0,2011,1013,1013,1013,1013,1013,1013,1001,1015,1019,1005,1007,1003,1009,1011,1017,1030,0&0,0&0,1,1|2|3|4|5|6,2011,4011
112,弃世绝境,9&3|14&3|19&3|20&3,14,此地曾是某处世外绝境的屏障，直到无休止的江湖纷争蔓延至此，那些原本隐居于绝境中的人满怀着仇恨被迫重返尘世……,9,9,9,5,513|514|505|514|513,1,1,4201&5|4202&4|4203&2|4204&1|4205&0,-1,1,-1,-1,-1,-1,-1,-1,0,2012,1013,1013,1013,1013,1013,1013,1001,1015,1019,1005,1007,1003,1009,1011,1017,1030,0&0,0&0,1,1|2|3|4|5|6,2012,4012
10001,促织高鸣,-1&2,-1,此处万籁俱寂，偶尔传出几声促织的鸣叫，所谓“虫王出，百里肃”，有虫王的地方，通常方圆数十里内不闻杂音，或许能在此处捕捉到珍稀的促织。,0,1,1,1,516|516|516|516|516,1,0,0&0,3,0,-1,-1,-1,99,-1,-1,0,1031,1013,1013,1013,1013,1013,1013,1001,1015,1023,1005,1007,1003,1009,1011,1017,1030,-7&10,0&0,1,7,0,0
10005,促织高鸣,-1&2,-1,此处万籁俱寂，偶尔传出几声促织的鸣叫，所谓“虫王出，百里肃”，有虫王的地方，通常方圆数十里内不闻杂音，或许能在此处捕捉到珍稀的促织。,0,3,3,1,516|516|516|516|516,1,0,0&0,3,0,-1,-1,-1,99,-1,-1,0,1031,1013,1013,1013,1013,1013,1013,1001,1015,1023,1005,1007,1003,1009,1011,1017,1030,-7&30,0&0,1,7,0,0
10006,促织高鸣,-1&2,-1,此处万籁俱寂，偶尔传出几声促织的鸣叫，所谓“虫王出，百里肃”，有虫王的地方，通常方圆数十里内不闻杂音，或许能在此处捕捉到珍稀的促织。,0,5,5,1,516|516|516|516|516,1,0,0&0,3,0,-1,-1,-1,99,-1,-1,0,1031,1013,1013,1013,1013,1013,1013,1001,1015,1023,1005,1007,1003,1009,1011,1017,1030,-7&50,0&0,1,7,0,0
10002,商贾云集,7&2|8&2,-1,一场维持数月的集会正在此地举办，来自五湖四海的商贾满载着货物沿街叫卖，好一番热闹景象！,0,1,1,2,506|506|506|506|506,2,0,0&0,3,0,6|100,-1,-1,-1,-1,-1,0,3001,1013,1013,1013,1013,1013,1013,1001,1015,1023,1005,1007,1003,1009,1011,1017,1030,-1&1,0&0,3,1,0,0
10003,商贾云集,7&3|8&3,-1,一场维持数月的集会正在此地举办，来自五湖四海的商贾满载着货物沿街叫卖，好一番热闹景象！,0,3,3,2,506|506|506|506|506,2,0,0&0,3,0,6|200,-1,-1,-1,-1,-1,0,3001,1013,1013,1013,1013,1013,1013,1001,1015,1023,1005,1007,1003,1009,1011,1017,1030,-1&3,0&0,3,1,0,0
10004,商贾云集,7&4|8&4,-1,一场维持数月的集会正在此地举办，来自五湖四海的商贾满载着货物沿街叫卖，好一番热闹景象！,0,5,5,2,506|506|506|506|506,2,0,0&0,3,0,6|300,-1,-1,-1,-1,-1,0,3001,1013,1013,1013,1013,1013,1013,1001,1015,1023,1005,1007,1003,1009,1011,1017,1030,-1&5,0&0,3,1,0,0
20001,剑冢“莫女衣”,10&3|9&3|4&3,18,古墓仙人离去后，在太吾村附近忽然出现了七座剑冢。\n此冢乃七座剑冢之一，冢间莺歌燕舞，四季如春，冢上刻有“莫女衣”三字，似乎有什么东西将要破冢而出……,-1,-1,-1,20,509|510|509|510|509,1,2001,0&0,-1,1,-1,-1,-1,5001,-1,-1,129,138,1013,1013,1013,1013,1013,1013,1001,1015,1019,1005,1007,1003,1009,1011,1017,1030,0&0,0&0,0,1|2|3|4|5|6,-1,0
20002,剑冢“伏邪铁”,15&3|16&3|0&3,18,古墓仙人离去后，在太吾村附近忽然出现了七座剑冢。\n此冢乃七座剑冢之一，冢间草木不生，一片萧杀，冢上刻有“伏邪铁”三字，似乎有什么东西将要破冢而出……,-1,-1,-1,20,514|513|514|513|514,1,2002,0&0,-1,1,-1,-1,-1,5001,-1,-1,130,139,1013,1013,1013,1013,1013,1013,1001,1015,1019,1005,1007,1003,1009,1011,1017,1030,0&0,0&0,0,1|2|3|4|5|6,-1,0
20003,剑冢“大玄凝”,3&3|14&3|19&3,18,古墓仙人离去后，在太吾村附近忽然出现了七座剑冢。\n此冢乃七座剑冢之一，冢间冰雪遍地，奇冷无比，冢上刻有“大玄凝”三字，似乎有什么东西将要破冢而出……,-1,-1,-1,20,502|509|502|509|502,1,2003,0&0,-1,1,-1,-1,-1,5001,-1,-1,131,140,1013,1013,1013,1013,1013,1013,1001,1015,1019,1005,1007,1003,1009,1011,1017,1030,0&0,0&0,0,1|2|3|4|5|6,-1,0
20004,剑冢“凤凰茧”,12&3|11&3|17&3,18,古墓仙人离去后，在太吾村附近忽然出现了七座剑冢。\n此冢乃七座剑冢之一，冢间金光闪烁，灼人眼目，冢上刻有“凤凰茧”三字，似乎有什么东西将要破冢而出……,-1,-1,-1,20,511|503|511|503|511,1,2004,0&0,-1,1,-1,-1,-1,5001,-1,-1,132,141,1013,1013,1013,1013,1013,1013,1001,1015,1019,1005,1007,1003,1009,1011,1017,1030,0&0,0&0,0,1|2|3|4|5|6,-1,0
20005,剑冢“焚神炼”,3&3|10&3|9&3,18,古墓仙人离去后，在太吾村附近忽然出现了七座剑冢。\n此冢乃七座剑冢之一，冢间异火燎烧，似有还无，冢上刻有“焚神炼”三字，似乎有什么东西将要破冢而出……,-1,-1,-1,20,501|505|501|505|501,1,2005,0&0,-1,1,-1,-1,-1,5001,-1,-1,133,142,1013,1013,1013,1013,1013,1013,1001,1015,1019,1005,1007,1003,1009,1011,1017,1030,0&0,0&0,0,1|2|3|4|5|6,-1,0
20006,剑冢“解龙魄”,1&3|20&3|2&3,18,古墓仙人离去后，在太吾村附近忽然出现了七座剑冢。\n此冢乃七座剑冢之一，冢间蛟蛇盘绕，隐有龙吟，冢上刻有“解龙魄”三字，似乎有什么东西将要破冢而出……,-1,-1,-1,20,516|515|516|515|516,1,2006,0&0,-1,1,-1,-1,-1,5001,-1,-1,134,143,1013,1013,1013,1013,1013,1013,1001,1015,1019,1005,1007,1003,1009,1011,1017,1030,0&0,0&0,0,1|2|3|4|5|6,-1,0
20007,剑冢“溶尘隐”,5&3|10&3|11&3,18,古墓仙人离去后，在太吾村附近忽然出现了七座剑冢。\n此冢乃七座剑冢之一，冢间流光溢彩，幻化不定，冢上刻有“溶尘隐”三字，似乎有什么东西将要破冢而出……,-1,-1,-1,20,512|506|512|506|512,1,2007,0&0,-1,1,-1,-1,-1,5001,-1,-1,135,144,1013,1013,1013,1013,1013,1013,1001,1015,1019,1005,1007,1003,1009,1011,1017,1030,0&0,0&0,0,1|2|3|4|5|6,-1,0
20008,剑冢“囚魔木”,15&3|16&3|10&3,18,古墓仙人离去后，在太吾村附近忽然出现了七座剑冢。\n此冢乃七座剑冢之一，冢间遍生枫木，鲜红似血，冢上刻有“囚魔木”三字，似乎有什么东西将要破冢而出……,-1,-1,-1,20,508|510|508|510|508,1,2008,0&0,-1,1,-1,-1,-1,5001,-1,-1,136,145,1013,1013,1013,1013,1013,1013,1001,1015,1019,1005,1007,1003,1009,1011,1017,1030,0&0,0&0,0,1|2|3|4|5|6,-1,0
20009,剑冢“鬼神霞”,0&3|20&3|3&3,18,古墓仙人离去后，在太吾村附近忽然出现了七座剑冢。\n此冢乃七座剑冢之一，冢间霞光万丈，难分昼夜，冢上刻有“鬼神霞”三字，似乎有什么东西将要破冢而出……,-1,-1,-1,20,505|504|505|504|505,1,2009,0&0,-1,1,-1,-1,-1,5001,-1,-1,137,146,1013,1013,1013,1013,1013,1013,1001,1015,1019,1005,1007,1003,1009,1011,1017,1030,0&0,0&0,0,1|2|3|4|5|6,-1,0
