#,0,1,2,3,4,5,6,7,8,9,10,101,102,201,99
0,起,0,0,0,0,0,0,0,0,0,0,0,50,10002,突破的起点。
1,终,0,0,0,0,0,0,0,0,0,0,0,50,10002,突破的终点。\n只有连接此格时，突破才能成功。否则无法获得任何突破奖励。
2,如常,1,0,100,0,0,0,0,0,0,0,0,50,20002,按部就班的突破。
101,相承,2,0,0,0,0,0,0,200,0,0,0,50,20007,此格连接成功时，额外获得上1个连接成功的格子的奖励。
102,不息,-1,0,0,0,0,0,0,0,100,0,0,50,20007,与此格相连的下1个格子必然可以连接成功。
103,奇劫,2,200,0,0,0,0,0,0,0,0,0,50,20007,此格的连接成功率不变。\n此格的奖励增加200%。
104,循序,-1,100,0,0,0,0,0,0,0,0,100,50,20007,此格的连接成功率增加100%。\n此格的奖励不变%。
105,破立,-1,0,0,0,0,0,0,0,0,0,0,50,20007,此格周围所有格子的连接成功率增加50%。
106,寂灭,2,200,0,0,0,0,0,0,0,0,0,50,20007,此格的奖励增加200%。\n此格周围所有格子的连接成功率不变。
107,灵感,-1,0,0,0,0,0,0,0,0,0,0,0,20007,连接此格不会增加突破次数。
108,忘我,-5,-100,0,0,0,0,0,0,0,0,0,0,20007,此格没有奖励。\n连接此格可以减少已用的突破次数。
109,逆行,2,200,50,0,0,0,0,0,0,0,0,50,20007,此格的连接成功率不变。\n此格的奖励增加200%。\n此格周围所有格子的奖励增加50%。
110,嫁衣,-1,-100,100,0,0,0,0,0,0,0,0,50,20007,此格没有奖励。\n此格周围所有格子的奖励增加100%。
111,寡聚,-1,0,0,0,100,0,0,0,0,0,0,0,20007,此格的周围每有一个连接失败的格子，此格的奖励增加100%。
112,蕴海,2,0,0,50,0,0,0,0,0,0,0,50,20007,此格的周围每有一个连接成功的格子，此格的奖励增加50%。
113,总纲,2,0,0,0,0,0,50,0,0,0,0,50,20010,每成功连接一个格子，此格的奖励增加50%。
114,焚心,-1,0,0,0,0,100,0,0,0,0,0,0,20010,突破次数每超过上限1次，此格的奖励增加100%。
115,通明,-1,0,0,0,0,0,0,0,0,10,0,50,20007,连接此格时，揭示多个未显示的格子。