#,999,0,8,98,99,904,905,997,4,5,1,2,504,505,506,15,907,908,3,6,906,49,50,53,401,402,301,92,93,901,902,903,11,12,13,39,61,62,63,64,65,66,71,72,73,74,75,76,9,18,19,7,508,509,606,14,996,710,711,501,507,601,603,10,17,502,503,602,604,605,701,702,703,801,802,803,804,101,102,103,104,41,54,42,43,44,55,45,46,47,48,51,52,31,32,35,33,34,2001,2002,2003,2004,2005,2006,2009,2010,2011,2012,2007,50206,50209,50024,50041,50042,50043,50044,50045,50046,50032,50033,50022,50023,51110,50061,50062,50063,50064,50065,50066,50015,51361,51362,51363,51364,51365,51366,51101,51102,51103,51104,51105,51106,51107,51108,51109,51111,50081,50082,50083,50084,50085,50086,51367,51368,51369,51370,51371,51372,50071,50072,50073,50092,50093,50094,50095,50096,50097,50098,52001,52002,52003,52004,52005,52006,52007,50501,50502,50503,50504,50505,50506,50507,50508,50509,50510,50511,50512,50513,50514,50515,50516,50601,50602,50603,50604,50605,50606,50607,50608,50609,50610,50611,50612,50613,50614

11,11,一筐食材,1,82,在人物的道具栏中拖放至人物资源窗口可以获得大量食材资源,100,500,35,1,23,0,0,0,0,0,0,0,0,1,1,1,0,0,0,0,0,0,0,0,0,0,0,0,0,0,0,0,0,0,0,0,0,0,0,0,0,0,0,0,Null,Null,0,0,0,0,0,0,0,0,550,0,0,0,0,0,0,0,0,0,0,0,0,0,0,0,0,0,5000,350,1,1,0,0,0,0,1,4800,0,0,0,0,0,0,0,0,0,0,0,0,0,0,0,0,0,0,0,0,0,0,0,0,0,0,0,0,0,0,0,0,0,0,0,0,0,0,0,0,0,0,0,0,0,0,0,0,0,0,0,0,0,0,0,0,0,0,0,0,0,0,0,0,0,0,0,0,0,0,0,0,0,0,0,0,0,0,0,0,0,0,0,0,0,0,0,0,0,0,0,0,0,0,0,0,0,0,0,0,0,0,0,0,0,0,0,0,0,0,0,0,0,0,0,0,0,0
12,12,一梱木材,1,82,在人物的道具栏中拖放至人物资源窗口可以获得大量木材资源,100,500,35,1,24,0,0,0,0,0,0,0,0,1,1,1,0,0,0,0,0,0,0,0,0,0,0,0,0,0,0,0,0,0,0,0,0,0,0,0,0,0,0,0,Null,Null,0,0,0,0,0,0,0,0,650,0,0,0,0,0,0,0,0,0,0,0,0,0,0,0,0,0,5000,350,1,1,0,0,0,0,2,4800,0,0,0,0,0,0,0,0,0,0,0,0,0,0,0,0,0,0,0,0,0,0,0,0,0,0,0,0,0,0,0,0,0,0,0,0,0,0,0,0,0,0,0,0,0,0,0,0,0,0,0,0,0,0,0,0,0,0,0,0,0,0,0,0,0,0,0,0,0,0,0,0,0,0,0,0,0,0,0,0,0,0,0,0,0,0,0,0,0,0,0,0,0,0,0,0,0,0,0,0,0,0,0,0,0,0,0,0,0,0,0,0,0,0,0,0,0,0
13,13,一箱金石,1,82,在人物的道具栏中拖放至人物资源窗口可以获得大量金石资源,100,500,35,1,25,0,0,0,0,0,0,0,0,1,1,1,0,0,0,0,0,0,0,0,0,0,0,0,0,0,0,0,0,0,0,0,0,0,0,0,0,0,0,0,Null,Null,0,0,0,0,0,0,0,0,700,0,0,0,0,0,0,0,0,0,0,0,0,0,0,0,0,0,5000,350,1,1,0,0,0,0,3,4800,0,0,0,0,0,0,0,0,0,0,0,0,0,0,0,0,0,0,0,0,0,0,0,0,0,0,0,0,0,0,0,0,0,0,0,0,0,0,0,0,0,0,0,0,0,0,0,0,0,0,0,0,0,0,0,0,0,0,0,0,0,0,0,0,0,0,0,0,0,0,0,0,0,0,0,0,0,0,0,0,0,0,0,0,0,0,0,0,0,0,0,0,0,0,0,0,0,0,0,0,0,0,0,0,0,0,0,0,0,0,0,0,0,0,0,0,0,0
14,14,一匹织物,1,82,在人物的道具栏中拖放至人物资源窗口可以获得大量织物资源,100,500,35,1,27,0,0,0,0,0,0,0,0,1,1,1,0,0,0,0,0,0,0,0,0,0,0,0,0,0,0,0,0,0,0,0,0,0,0,0,0,0,0,0,Null,Null,0,0,0,0,0,0,0,0,600,0,0,0,0,0,0,0,0,0,0,0,0,0,0,0,0,0,5000,350,1,1,0,0,0,0,4,4800,0,0,0,0,0,0,0,0,0,0,0,0,0,0,0,0,0,0,0,0,0,0,0,0,0,0,0,0,0,0,0,0,0,0,0,0,0,0,0,0,0,0,0,0,0,0,0,0,0,0,0,0,0,0,0,0,0,0,0,0,0,0,0,0,0,0,0,0,0,0,0,0,0,0,0,0,0,0,0,0,0,0,0,0,0,0,0,0,0,0,0,0,0,0,0,0,0,0,0,0,0,0,0,0,0,0,0,0,0,0,0,0,0,0,0,0,0,0
15,15,一包药材,1,82,在人物的道具栏中拖放至人物资源窗口可以获得大量药材资源,100,500,35,1,29,0,0,0,0,0,0,0,0,1,1,1,0,0,0,0,0,0,0,0,0,0,0,0,0,0,0,0,0,0,0,0,0,0,0,0,0,0,0,0,Null,Null,0,0,0,0,0,0,0,0,500,0,0,0,0,0,0,0,0,0,0,0,0,0,0,0,0,0,5000,350,1,1,0,0,0,0,5,4800,0,0,0,0,0,0,0,0,0,0,0,0,0,0,0,0,0,0,0,0,0,0,0,0,0,0,0,0,0,0,0,0,0,0,0,0,0,0,0,0,0,0,0,0,0,0,0,0,0,0,0,0,0,0,0,0,0,0,0,0,0,0,0,0,0,0,0,0,0,0,0,0,0,0,0,0,0,0,0,0,0,0,0,0,0,0,0,0,0,0,0,0,0,0,0,0,0,0,0,0,0,0,0,0,0,0,0,0,0,0,0,0,0,0,0,0,0,0

82501,82501,青竹剑,1,24,暂无说明,100,100,45,4,9,1,0|1|2,-202,0,2,0,0,0,1,0,1,100,1,1,0,0,0,0,0,0,100,0,0,0,0,0,0,0,0,0,0,0,0,0,0,0,0,0,0,W_08_0,Null,4|4|4|5|5|5,0,0,1,28,0,608&0.75|63&0.2|66&0.45,110,240,280,1250,1250,100,75,300,550,80,0,10,15,40,30,70,140,100,100,0,350,2,2,8,0,0,10,2,0,20,0,0,0,0,3508,0,0,0,0,0,0,0,0,0,0,0,0,0,0,0,0,0,0,0,0,0,0,0,0,0,0,0,0,0,0,0,0,0,0,0,0,0,0,0,0,0,0,0,0,0,0,0,0,0,0,0,0,0,0,0,0,0,0,10,0,0,0,0,0,0,0,0,0,0,0,0,0,0,0,0,0,0,0,0,0,0,0,0,0,0,0,0,0,0,0,0,0,0,0,0,0,0,0,0,0,0,0,0,0,0,0,0,0,0,0,0,0
82502,82502,四尺缠身剑,2,24,暂无说明,400,800,40,4,9,1,0|1|2,-202,0,2,0,0,0,1,0,1,100,1,1,0,0,0,0,0,0,100,0,0,0,0,0,0,0,0,0,0,0,0,0,0,0,0,0,0,W_08_0,Null,4|4|4|5|5|5,0,0,1,28,0,608&1.1|63&0.25|66&0.5,120,230,270,1290,1290,100,75,300,550,90,0,20,30,80,60,70,140,100,100,7500,800,3,3,8,0,0,20,2,0,40,0,0,0,0,3508,0,0,0,0,0,0,0,0,0,0,0,0,0,0,0,0,0,0,0,0,0,0,0,0,0,0,0,0,0,0,0,0,0,0,0,0,0,0,0,0,0,0,0,0,0,0,0,0,0,0,0,0,0,0,0,0,0,0,12,0,0,0,0,0,0,0,0,0,0,0,0,0,0,0,0,0,0,0,0,0,0,0,0,0,0,0,0,0,0,0,0,0,0,0,0,0,0,0,0,0,0,0,0,0,0,0,0,0,0,0,0,0
82503,82503,紫虚剑,3,24,暂无说明,900,2700,35,4,9,1,0|1|2,-202,0,2,0,0,0,1,0,1,100,1,1,0,0,0,0,0,0,100,0,0,0,0,0,0,0,0,0,0,0,0,0,0,0,0,0,0,W_08_0,Null,4|4|4|5|5|5,0,0,1,28,0,608&1.5|63&0.3|66&0.55,130,220,260,1330,1330,100,75,300,550,100,0,30,45,120,90,70,140,100,100,15000,1350,5,4,8,0,0,35,2,0,60,0,0,0,0,3509,0,0,0,0,0,0,0,0,0,0,0,0,0,0,0,0,0,0,0,0,0,0,0,0,0,0,0,0,0,0,0,0,0,0,0,0,0,0,0,0,0,0,0,0,0,0,0,0,0,0,0,0,0,0,0,0,0,0,14,0,0,0,0,0,0,0,0,0,0,0,0,0,0,0,0,0,0,0,0,0,0,0,0,0,0,0,0,0,0,0,0,0,0,0,0,0,0,0,0,0,0,0,0,0,0,0,0,0,0,0,0,0
82504,82504,灵景金光,4,24,暂无说明,1600,6400,30,4,9,1,0|1|2,-202,0,2,0,0,0,1,0,1,100,1,1,0,0,0,0,0,0,100,0,0,0,0,0,0,0,0,0,0,0,0,0,0,0,0,0,0,W_08_0,Null,4|4|4|5|5|5,0,0,1,28,0,608&1.85|63&0.35|66&0.6,140,210,250,1370,1370,100,75,300,550,115,0,40,60,160,120,70,140,100,100,22500,2000,6,5,8,0,0,55,2,0,100,0,0,0,0,3509,0,0,0,0,0,0,0,0,0,0,0,0,0,0,0,0,0,0,0,0,0,0,0,0,0,0,0,0,0,0,0,0,0,0,0,0,0,0,0,0,0,0,0,0,0,0,0,0,0,0,0,0,0,0,0,0,0,0,18,0,0,0,0,0,0,0,0,0,0,0,0,0,0,0,0,0,0,0,0,0,0,0,0,0,0,0,0,0,0,0,0,0,0,0,0,0,0,0,0,0,0,0,0,0,0,0,0,0,0,0,0,0
82505,82505,化龙蛇,5,24,暂无说明,2500,12500,25,4,9,1,0|1|2,-202,0,2,0,0,0,1,0,1,100,1,1,0,0,0,0,0,0,100,0,0,0,0,0,0,0,0,0,0,0,0,0,0,0,0,0,0,W_08_0,Null,4|4|4|5|5|5,0,0,1,28,0,608&2.25|63&0.4|66&0.7,150,200,240,1410,1410,100,75,300,550,130,0,50,75,200,150,70,140,100,100,30000,2750,8,6,8,0,0,80,2,0,140,0,0,0,0,3510,0,0,0,0,0,0,0,0,0,0,0,0,0,0,0,0,0,0,0,0,0,0,0,0,0,0,0,0,0,0,0,0,0,0,0,0,0,0,0,0,0,0,0,0,0,0,0,0,0,0,0,0,0,0,0,0,0,0,22,0,0,0,0,0,0,0,0,0,0,0,0,0,0,0,0,0,0,0,0,0,0,0,0,0,0,0,0,0,0,0,0,0,0,0,0,0,0,0,0,0,0,0,0,0,0,0,0,0,0,0,0,0
82506,82506,辟邪神木剑,6,24,暂无说明,3600,21600,20,4,9,1,0|1|2,-202,0,2,0,0,0,1,0,1,100,1,1,0,0,0,0,0,0,100,0,0,0,0,0,0,0,0,0,0,0,0,0,0,0,0,0,0,W_08_0,Null,4|4|4|5|5|5,0,0,1,28,0,608&2.6|63&0.45|66&0.8,160,190,230,1450,1450,100,75,300,550,150,0,60,90,240,180,70,140,100,100,37500,3600,9,7,8,0,0,110,2,0,180,0,0,0,0,3510,0,0,0,0,0,0,0,0,0,0,0,0,0,0,0,0,0,0,0,0,0,0,0,0,0,0,0,0,0,0,0,0,0,0,0,0,0,0,0,0,0,0,0,0,0,0,0,0,0,0,0,0,0,0,0,0,0,0,28,0,0,0,0,0,0,0,0,0,0,0,0,0,0,0,0,0,0,0,0,0,0,0,0,0,0,0,0,0,0,0,0,0,0,0,0,0,0,0,0,0,0,0,0,0,0,0,0,0,0,0,0,0
82507,82507,空碧,7,24,暂无说明,4900,34300,15,4,9,1,0|1|2,-202,0,2,0,0,0,1,0,1,100,1,1,0,0,0,0,0,0,100,0,0,0,0,0,0,0,0,0,0,0,0,0,0,0,0,0,0,W_08_0,Null,4|4|4|5|5|5,0,0,1,28,0,608&3|63&0.5|66&0.9,170,180,220,1490,1490,100,75,300,550,175,0,70,105,280,210,70,140,100,100,45000,4550,11,8,8,0,0,145,2,0,240,0,0,0,0,3511,0,0,0,0,0,0,0,0,0,0,0,0,0,0,0,0,0,0,0,0,0,0,0,0,0,0,0,0,0,0,0,0,0,0,0,0,0,0,0,0,0,0,0,0,0,0,0,0,0,0,0,0,0,0,0,0,0,0,34,0,0,0,0,0,0,0,0,0,0,0,0,0,0,0,0,0,0,0,0,0,0,0,0,0,0,0,0,0,0,0,0,0,0,0,0,0,0,0,0,0,0,0,0,0,0,0,0,0,0,0,0,0
82508,82508,血穹剑,8,24,暂无说明,6400,51200,10,4,9,1,0|1|2,-202,0,2,0,0,0,1,0,1,100,1,1,0,0,0,0,0,0,100,0,0,0,0,0,0,0,0,0,0,0,0,0,0,0,0,0,0,W_08_0,Null,4|4|4|5|5|5,0,0,1,28,0,608&3.35|63&0.55|66&1.05,180,170,210,1530,1530,100,75,300,550,205,0,80,120,320,240,70,140,100,100,52500,5600,12,9,8,0,0,185,2,0,300,0,0,0,0,3511,0,0,0,0,0,0,0,0,0,0,0,0,0,0,0,0,0,0,0,0,0,0,0,0,0,0,0,0,0,0,0,0,0,0,0,0,0,0,0,0,0,0,0,0,0,0,0,0,0,0,0,0,0,0,0,0,0,0,42,0,0,0,0,0,0,0,0,0,0,0,0,0,0,0,0,0,0,0,0,0,0,0,0,0,0,0,0,0,0,0,0,0,0,0,0,0,0,0,0,0,0,0,0,0,0,0,0,0,0,0,0,0
82509,82509,离离千世,9,24,暂无说明,8100,72900,5,4,9,1,0|1|2,-202,0,2,0,0,0,1,0,1,100,1,1,0,0,0,0,0,0,100,0,0,0,0,0,0,0,0,0,0,0,0,0,0,0,0,0,0,W_08_0,Null,4|4|4|5|5|5,0,0,1,28,0,608&4|63&0.6|66&1.2,190,160,200,1570,1570,100,75,300,550,240,0,90,135,360,270,70,140,100,100,60000,6750,14,10,8,0,0,230,2,0,360,0,0,0,0,3512,0,0,0,0,0,0,0,0,0,0,0,0,0,0,0,0,0,0,0,0,0,0,0,0,0,0,0,0,0,0,0,0,0,0,0,0,0,0,0,0,0,0,0,0,0,0,0,0,0,0,0,0,0,0,0,0,0,0,50,0,0,0,0,0,0,0,0,0,0,0,0,0,0,0,0,0,0,0,0,0,0,0,0,0,0,0,0,0,0,0,0,0,0,0,0,0,0,0,0,0,0,0,0,0,0,0,0,0,0,0,0,0

83401,83401,独轮车,1,53,暂无说明,100,100,45,4,18,4,10,0,0,0,0,0,50000,1,0,1,100,0,0,0,0,0,100,0,0,10,0,0,0,0,0,0,0,0,0,0,0,0,0,0,0,0,0,0,Null,Null,0,0,0,0,0,0,0,0,600,0,0,0,0,0,0,0,0,0,0,0,0,0,0,0,0,0,0,350,2,2,8,0,0,10,2,0,20,0,0,0,0,0,0,0,0,0,0,0,0,0,0,0,0,0,0,0,0,0,0,0,0,0,0,0,0,0,0,0,0,0,0,0,0,0,0,0,0,0,0,0,0,0,0,0,0,0,0,0,0,0,0,0,0,0,0,0,0,0,0,0,0,0,0,0,0,0,0,0,0,0,0,0,0,0,0,0,0,0,0,0,0,0,0,0,0,0,0,0,0,0,0,0,0,0,0,0,0,0,0,0,0,0,0,0,0,0,0,0,0,0,0,0,0,0
83402,83402,太平车,2,53,暂无说明,400,800,40,4,18,4,10,0,0,0,0,0,55000,1,0,1,100,0,0,0,0,0,200,0,0,10,0,0,0,0,0,0,0,0,0,0,0,0,0,0,0,0,0,0,Null,Null,0,0,0,0,0,0,0,0,800,0,0,0,0,0,0,0,0,0,0,0,0,0,0,0,0,0,7500,800,3,3,8,0,0,20,2,0,40,0,0,0,0,0,0,0,0,0,0,0,0,0,0,0,0,0,0,0,0,0,0,0,0,0,0,0,0,0,0,0,0,0,0,0,0,0,0,0,0,0,0,0,0,0,0,0,0,0,0,0,0,0,0,0,0,0,0,0,0,0,0,0,0,0,0,0,0,0,0,0,0,0,0,0,0,0,0,0,0,0,0,0,0,0,0,0,0,0,0,0,0,0,0,0,0,0,0,0,0,0,0,0,0,0,0,0,0,0,0,0,0,0,0,0,0,0
83403,83403,独辀战车,3,53,暂无说明,900,2700,35,4,18,4,10,0,0,0,0,0,60000,1,0,1,100,0,0,0,0,0,300,0,0,10,0,0,0,0,0,0,0,0,0,0,0,0,0,0,0,0,0,0,Null,Null,0,0,0,0,0,0,0,0,1000,0,0,0,0,0,0,0,0,0,0,0,0,0,0,0,0,0,15000,1350,5,4,8,0,0,35,2,0,60,0,0,0,0,0,0,0,0,0,0,0,0,0,0,0,0,0,0,0,0,0,0,0,0,0,0,0,0,0,0,0,0,0,0,0,0,0,0,0,0,0,0,0,0,0,0,0,0,0,0,0,0,0,0,0,0,0,0,0,0,0,0,0,0,0,0,0,0,0,0,0,0,0,0,0,0,0,0,0,0,0,0,0,0,0,0,0,0,0,0,0,0,0,0,0,0,0,0,0,0,0,0,0,0,0,0,0,0,0,0,0,0,0,0,0,0,0
83404,83404,双辕安车,4,53,暂无说明,1600,6400,30,4,18,4,10,0,0,0,0,0,70000,1,0,1,100,0,0,0,0,0,400,0,0,10,0,0,0,0,0,0,0,0,0,0,0,0,0,0,0,0,0,0,Null,Null,0,0,0,0,0,0,0,0,1200,0,0,0,0,0,0,0,0,0,0,0,0,0,0,0,0,0,22500,2000,6,5,8,0,0,55,2,0,100,0,0,0,0,0,0,0,0,0,0,0,0,0,0,0,0,0,0,0,0,0,0,0,0,0,0,0,0,0,0,0,0,0,0,0,0,0,0,0,0,0,0,0,0,0,0,0,0,0,0,0,0,0,0,0,0,0,0,0,0,0,0,0,0,0,0,0,0,0,0,0,0,0,0,0,0,0,0,0,0,0,0,0,0,0,0,0,0,0,0,0,0,0,0,0,0,0,0,0,0,0,0,0,0,0,0,0,0,0,0,0,0,0,0,0,0,0
83405,83405,驷马轩车,5,53,暂无说明,2500,12500,25,4,18,4,10,0,0,0,0,0,80000,1,0,1,100,0,0,0,0,0,500,0,0,10,0,0,0,0,0,0,0,0,0,0,0,0,0,0,0,0,0,0,Null,Null,0,0,0,0,0,0,0,0,1400,0,0,0,0,0,0,0,0,0,0,0,0,0,0,0,0,0,30000,2750,8,6,8,0,0,80,2,0,140,0,0,0,0,0,0,0,0,0,0,0,0,0,0,0,0,0,0,0,0,0,0,0,0,0,0,0,0,0,0,0,0,0,0,0,0,0,0,0,0,0,0,0,0,0,0,0,0,0,0,0,0,0,0,0,0,0,0,0,0,0,0,0,0,0,0,0,0,0,0,0,0,0,0,0,0,0,0,0,0,0,0,0,0,0,0,0,0,0,0,0,0,0,0,0,0,0,0,0,0,0,0,0,0,0,0,0,0,0,0,0,0,0,0,0,0,0
83406,83406,木牛流马,6,53,暂无说明,3600,21600,20,4,18,4,10,0,0,0,0,0,90000,1,0,1,100,0,0,0,0,0,600,0,0,10,0,0,0,0,0,0,0,0,0,0,0,0,0,0,0,0,0,0,Null,Null,0,0,0,0,0,0,0,0,1600,0,0,0,0,0,0,0,0,0,0,0,0,0,0,0,0,0,37500,3600,9,7,8,0,0,110,2,0,180,0,0,0,0,0,0,0,0,0,0,0,0,0,0,0,0,0,0,0,0,0,0,0,0,0,0,0,0,0,0,0,0,0,0,0,0,0,0,0,0,0,0,0,0,0,0,0,0,0,0,0,0,0,0,0,0,0,0,0,0,0,0,0,0,0,0,0,0,0,0,0,0,0,0,0,0,0,0,0,0,0,0,0,0,0,0,0,0,0,0,0,0,0,0,0,0,0,0,0,0,0,0,0,0,0,0,0,0,0,0,0,0,0,0,0,0,0
83407,83407,麒麟华盖车,7,53,暂无说明,4900,34300,15,4,18,4,10,0,0,0,0,0,110000,1,0,1,100,0,0,0,0,0,700,0,0,10,0,0,0,0,0,0,0,0,0,0,0,0,0,0,0,0,0,0,Null,Null,0,0,0,0,0,0,0,0,1800,0,0,0,0,0,0,0,0,0,0,0,0,0,0,0,0,0,45000,4550,11,8,8,0,0,145,2,0,240,0,0,0,0,0,0,0,0,0,0,0,0,0,0,0,0,0,0,0,0,0,0,0,0,0,0,0,0,0,0,0,0,0,0,0,0,0,0,0,0,0,0,0,0,0,0,0,0,0,0,0,0,0,0,0,0,0,0,0,0,0,0,0,0,0,0,0,0,0,0,0,0,0,0,0,0,0,0,0,0,0,0,0,0,0,0,0,0,0,0,0,0,0,0,0,0,0,0,0,0,0,0,0,0,0,0,0,0,0,0,0,0,0,0,0,0,0
83408,83408,八角宝楼车,8,53,暂无说明,6400,51200,10,4,18,4,10,0,0,0,0,0,130000,1,0,1,100,0,0,0,0,0,800,0,0,10,0,0,0,0,0,0,0,0,0,0,0,0,0,0,0,0,0,0,Null,Null,0,0,0,0,0,0,0,0,2000,0,0,0,0,0,0,0,0,0,0,0,0,0,0,0,0,0,52500,5600,12,9,8,0,0,185,2,0,300,0,0,0,0,0,0,0,0,0,0,0,0,0,0,0,0,0,0,0,0,0,0,0,0,0,0,0,0,0,0,0,0,0,0,0,0,0,0,0,0,0,0,0,0,0,0,0,0,0,0,0,0,0,0,0,0,0,0,0,0,0,0,0,0,0,0,0,0,0,0,0,0,0,0,0,0,0,0,0,0,0,0,0,0,0,0,0,0,0,0,0,0,0,0,0,0,0,0,0,0,0,0,0,0,0,0,0,0,0,0,0,0,0,0,0,0,0
83409,83409,玄龙驭,9,53,暂无说明,8100,72900,5,4,18,4,10,0,0,0,0,0,150000,1,0,1,100,0,0,0,0,0,900,0,0,10,0,0,0,0,0,0,0,0,0,0,0,0,0,0,0,0,0,0,Null,Null,0,0,0,0,0,0,0,0,2200,0,0,0,0,0,0,0,0,0,0,0,0,0,0,0,0,0,60000,6750,14,10,8,0,0,230,2,0,360,0,0,0,0,0,0,0,0,0,0,0,0,0,0,0,0,0,0,0,0,0,0,0,0,0,0,0,0,0,0,0,0,0,0,0,0,0,0,0,0,0,0,0,0,0,0,0,0,0,0,0,0,0,0,0,0,0,0,0,0,0,0,0,0,0,0,0,0,0,0,0,0,0,0,0,0,0,0,0,0,0,0,0,0,0,0,0,0,0,0,0,0,0,0,0,0,0,0,0,0,0,0,0,0,0,0,0,0,0,0,0,0,0,0,0,0,0
83501,83501,竹板橇,1,53,暂无说明,100,100,45,4,18,4,10,0,0,0,0,0,50000,1,0,1,100,0,0,0,0,0,10,20,0,10,0,0,0,0,0,0,0,0,0,0,0,0,0,0,0,0,0,0,Null,Null,0,0,0,0,0,0,0,0,200,0,0,0,0,0,0,0,0,0,0,0,0,0,0,0,0,0,0,350,2,2,8,0,0,10,2,0,20,0,0,0,0,0,0,0,0,0,0,0,0,0,0,0,0,0,0,0,0,0,0,0,0,0,0,0,0,0,0,0,0,0,0,0,0,0,0,0,0,0,0,0,0,0,0,0,0,0,0,0,0,0,0,0,0,0,0,0,0,0,0,0,0,0,0,0,0,0,0,0,0,0,0,0,0,0,0,0,0,0,0,0,0,0,0,0,0,0,0,0,0,0,0,0,0,0,0,0,0,0,0,0,0,0,0,0,0,0,0,0,0,0,0,0,0,0
83502,83502,陋棚栈车,2,53,暂无说明,400,800,40,4,18,4,10,0,0,0,0,0,55000,1,0,1,100,0,0,0,0,0,20,40,0,10,0,0,0,0,0,0,0,0,0,0,0,0,0,0,0,0,0,0,Null,Null,0,0,0,0,0,0,0,0,400,0,0,0,0,0,0,0,0,0,0,0,0,0,0,0,0,0,7500,800,3,3,8,0,0,20,2,0,40,0,0,0,0,0,0,0,0,0,0,0,0,0,0,0,0,0,0,0,0,0,0,0,0,0,0,0,0,0,0,0,0,0,0,0,0,0,0,0,0,0,0,0,0,0,0,0,0,0,0,0,0,0,0,0,0,0,0,0,0,0,0,0,0,0,0,0,0,0,0,0,0,0,0,0,0,0,0,0,0,0,0,0,0,0,0,0,0,0,0,0,0,0,0,0,0,0,0,0,0,0,0,0,0,0,0,0,0,0,0,0,0,0,0,0,0,0
83503,83503,下泽车,3,53,暂无说明,900,2700,35,4,18,4,10,0,0,0,0,0,60000,1,0,1,100,0,0,0,0,0,30,60,0,10,0,0,0,0,0,0,0,0,0,0,0,0,0,0,0,0,0,0,Null,Null,0,0,0,0,0,0,0,0,600,0,0,0,0,0,0,0,0,0,0,0,0,0,0,0,0,0,15000,1350,5,4,8,0,0,35,2,0,60,0,0,0,0,0,0,0,0,0,0,0,0,0,0,0,0,0,0,0,0,0,0,0,0,0,0,0,0,0,0,0,0,0,0,0,0,0,0,0,0,0,0,0,0,0,0,0,0,0,0,0,0,0,0,0,0,0,0,0,0,0,0,0,0,0,0,0,0,0,0,0,0,0,0,0,0,0,0,0,0,0,0,0,0,0,0,0,0,0,0,0,0,0,0,0,0,0,0,0,0,0,0,0,0,0,0,0,0,0,0,0,0,0,0,0,0,0
83504,83504,蒲轮大车,4,53,暂无说明,1600,6400,30,4,18,4,10,0,0,0,0,0,70000,1,0,1,100,0,0,0,0,0,40,80,0,10,0,0,0,0,0,0,0,0,0,0,0,0,0,0,0,0,0,0,Null,Null,0,0,0,0,0,0,0,0,800,0,0,0,0,0,0,0,0,0,0,0,0,0,0,0,0,0,22500,2000,6,5,8,0,0,55,2,0,100,0,0,0,0,0,0,0,0,0,0,0,0,0,0,0,0,0,0,0,0,0,0,0,0,0,0,0,0,0,0,0,0,0,0,0,0,0,0,0,0,0,0,0,0,0,0,0,0,0,0,0,0,0,0,0,0,0,0,0,0,0,0,0,0,0,0,0,0,0,0,0,0,0,0,0,0,0,0,0,0,0,0,0,0,0,0,0,0,0,0,0,0,0,0,0,0,0,0,0,0,0,0,0,0,0,0,0,0,0,0,0,0,0,0,0,0,0
83505,83505,司里鼓车,5,53,暂无说明,2500,12500,25,4,18,4,10,0,0,0,0,0,80000,1,0,1,100,0,0,0,0,0,50,100,0,10,0,0,0,0,0,0,0,0,0,0,0,0,0,0,0,0,0,0,Null,Null,0,0,0,0,0,0,0,0,1000,0,0,0,0,0,0,0,0,0,0,0,0,0,0,0,0,0,30000,2750,8,6,8,0,0,80,2,0,140,0,0,0,0,0,0,0,0,0,0,0,0,0,0,0,0,0,0,0,0,0,0,0,0,0,0,0,0,0,0,0,0,0,0,0,0,0,0,0,0,0,0,0,0,0,0,0,0,0,0,0,0,0,0,0,0,0,0,0,0,0,0,0,0,0,0,0,0,0,0,0,0,0,0,0,0,0,0,0,0,0,0,0,0,0,0,0,0,0,0,0,0,0,0,0,0,0,0,0,0,0,0,0,0,0,0,0,0,0,0,0,0,0,0,0,0,0
83506,83506,武侯四轮车,6,53,暂无说明,3600,21600,20,4,18,4,10,0,0,0,0,0,90000,1,0,1,100,0,0,0,0,0,60,120,0,10,0,0,0,0,0,0,0,0,0,0,0,0,0,0,0,0,0,0,Null,Null,0,0,0,0,0,0,0,0,1200,0,0,0,0,0,0,0,0,0,0,0,0,0,0,0,0,0,37500,3600,9,7,8,0,0,110,2,0,180,0,0,0,0,0,0,0,0,0,0,0,0,0,0,0,0,0,0,0,0,0,0,0,0,0,0,0,0,0,0,0,0,0,0,0,0,0,0,0,0,0,0,0,0,0,0,0,0,0,0,0,0,0,0,0,0,0,0,0,0,0,0,0,0,0,0,0,0,0,0,0,0,0,0,0,0,0,0,0,0,0,0,0,0,0,0,0,0,0,0,0,0,0,0,0,0,0,0,0,0,0,0,0,0,0,0,0,0,0,0,0,0,0,0,0,0,0
83507,83507,风后车,7,53,暂无说明,4900,34300,15,4,18,4,10,0,0,0,0,0,110000,1,0,1,100,0,0,0,0,0,70,140,0,10,0,0,0,0,0,0,0,0,0,0,0,0,0,0,0,0,0,0,Null,Null,0,0,0,0,0,0,0,0,1400,0,0,0,0,0,0,0,0,0,0,0,0,0,0,0,0,0,45000,4550,11,8,8,0,0,145,2,0,240,0,0,0,0,0,0,0,0,0,0,0,0,0,0,0,0,0,0,0,0,0,0,0,0,0,0,0,0,0,0,0,0,0,0,0,0,0,0,0,0,0,0,0,0,0,0,0,0,0,0,0,0,0,0,0,0,0,0,0,0,0,0,0,0,0,0,0,0,0,0,0,0,0,0,0,0,0,0,0,0,0,0,0,0,0,0,0,0,0,0,0,0,0,0,0,0,0,0,0,0,0,0,0,0,0,0,0,0,0,0,0,0,0,0,0,0,0
83508,83508,龙雀云船,8,53,暂无说明,6400,51200,10,4,18,4,10,0,0,0,0,0,130000,1,0,1,100,0,0,0,0,0,80,160,0,10,0,0,0,0,0,0,0,0,0,0,0,0,0,0,0,0,0,0,Null,Null,0,0,0,0,0,0,0,0,1600,0,0,0,0,0,0,0,0,0,0,0,0,0,0,0,0,0,52500,5600,12,9,8,0,0,185,2,0,300,0,0,0,0,0,0,0,0,0,0,0,0,0,0,0,0,0,0,0,0,0,0,0,0,0,0,0,0,0,0,0,0,0,0,0,0,0,0,0,0,0,0,0,0,0,0,0,0,0,0,0,0,0,0,0,0,0,0,0,0,0,0,0,0,0,0,0,0,0,0,0,0,0,0,0,0,0,0,0,0,0,0,0,0,0,0,0,0,0,0,0,0,0,0,0,0,0,0,0,0,0,0,0,0,0,0,0,0,0,0,0,0,0,0,0,0,0
83509,83509,七香车,9,53,暂无说明,8100,72900,5,4,18,4,10,0,0,0,0,0,150000,1,0,1,100,0,0,0,0,0,90,180,0,10,0,0,0,0,0,0,0,0,0,0,0,0,0,0,0,0,0,0,Null,Null,0,0,0,0,0,0,0,0,1800,0,0,0,0,0,0,0,0,0,0,0,0,0,0,0,0,0,60000,6750,14,10,8,0,0,230,2,0,360,0,0,0,0,0,0,0,0,0,0,0,0,0,0,0,0,0,0,0,0,0,0,0,0,0,0,0,0,0,0,0,0,0,0,0,0,0,0,0,0,0,0,0,0,0,0,0,0,0,0,0,0,0,0,0,0,0,0,0,0,0,0,0,0,0,0,0,0,0,0,0,0,0,0,0,0,0,0,0,0,0,0,0,0,0,0,0,0,0,0,0,0,0,0,0,0,0,0,0,0,0,0,0,0,0,0,0,0,0,0,0,0,0,0,0,0,0
83601,83601,骡子,1,149,暂无说明,100,100,45,4,18,4,10,0,0,0,0,20,30000,1,0,1,0,0,0,0,0,0,50,10,0,10,0,0,0,0,0,0,0,0,0,0,0,0,0,0,0,0,0,0,Null,Null,0,0,0,0,0,0,0,0,300,0,0,0,0,0,0,0,0,0,0,0,0,0,0,0,0,0,0,350,2,2,0,0,0,0,0,0,0,0,0,0,0,0,0,0,0,0,0,0,0,0,0,0,0,0,0,0,0,0,0,0,0,0,0,0,0,0,0,0,0,0,0,0,0,0,0,0,0,0,0,0,0,0,0,0,0,0,0,0,0,0,0,0,0,0,0,0,0,0,0,0,0,0,0,0,0,0,0,0,0,0,0,0,0,0,0,0,0,0,0,0,0,0,0,0,0,0,0,0,0,0,0,0,0,0,0,0,0,0,0,0,0,0,0,0,0,0,0,0,0,0,0,0,0,0
83602,83602,灰驴,2,149,暂无说明,400,800,40,4,18,4,10,0,0,0,0,25,35000,1,0,1,0,0,0,0,0,0,100,20,0,10,0,0,0,0,0,0,0,0,0,0,0,0,0,0,0,0,0,0,Null,Null,0,0,0,0,0,0,0,0,400,0,0,0,0,0,0,0,0,0,0,0,0,0,0,0,0,0,7500,800,3,3,0,0,0,0,0,0,0,0,0,0,0,0,0,0,0,0,0,0,0,0,0,0,0,0,0,0,0,0,0,0,0,0,0,0,0,0,0,0,0,0,0,0,0,0,0,0,0,0,0,0,0,0,0,0,0,0,0,0,0,0,0,0,0,0,0,0,0,0,0,0,0,0,0,0,0,0,0,0,0,0,0,0,0,0,0,0,0,0,0,0,0,0,0,0,0,0,0,0,0,0,0,0,0,0,0,0,0,0,0,0,0,0,0,0,0,0,0,0,0,0,0,0,0,0
83603,83603,瘦马,3,151,暂无说明,900,2700,35,4,18,4,10,0,0,0,0,30,40000,1,0,1,0,0,0,0,0,0,150,30,0,10,0,0,0,0,0,0,0,0,0,0,0,0,0,0,0,0,0,0,Null,Null,0,0,0,0,0,0,0,0,600,0,0,0,0,0,0,0,0,0,0,0,0,0,0,0,0,0,15000,1350,5,4,0,0,0,0,0,0,0,0,0,0,0,0,0,0,0,0,0,0,0,0,0,0,0,0,0,0,0,0,0,0,0,0,0,0,0,0,0,0,0,0,0,0,0,0,0,0,0,0,0,0,0,0,0,0,0,0,0,0,0,0,0,0,0,0,0,0,0,0,0,0,0,0,0,0,0,0,0,0,0,0,0,0,0,0,0,0,0,0,0,0,0,0,0,0,0,0,0,0,0,0,0,0,0,0,0,0,0,0,0,0,0,0,0,0,0,0,0,0,0,0,0,0,0,0
83604,83604,牯牛,4,150,暂无说明,1600,6400,30,4,18,4,10,0,0,0,0,35,50000,1,0,1,0,0,0,0,0,0,200,40,0,10,0,0,0,0,0,0,0,0,0,0,0,0,0,0,0,0,0,0,Null,Null,0,0,0,0,0,0,0,0,1200,0,0,0,0,0,0,0,0,0,0,0,0,0,0,0,0,0,22500,2000,6,5,0,0,0,0,0,0,0,0,0,0,0,0,0,0,0,0,0,0,0,0,0,0,0,0,0,0,0,0,0,0,0,0,0,0,0,0,0,0,0,0,0,0,0,0,0,0,0,0,0,0,0,0,0,0,0,0,0,0,0,0,0,0,0,0,0,0,0,0,0,0,0,0,0,0,0,0,0,0,0,0,0,0,0,0,0,0,0,0,0,0,0,0,0,0,0,0,0,0,0,0,0,0,0,0,0,0,0,0,0,0,0,0,0,0,0,0,0,0,0,0,0,0,0,0
83605,83605,骏马,5,151,暂无说明,2500,12500,25,4,18,4,10,0,0,0,0,40,60000,1,0,1,0,0,0,0,0,0,250,50,0,10,0,0,0,0,0,0,0,0,0,0,0,0,0,0,0,0,0,0,Null,Null,0,0,0,0,0,0,0,0,800,0,0,0,0,0,0,0,0,0,0,0,0,0,0,0,0,0,30000,2750,8,6,0,0,0,0,0,0,0,0,0,0,0,0,0,0,0,0,0,0,0,0,0,0,0,0,0,0,0,0,0,0,0,0,0,0,0,0,0,0,0,0,0,0,0,0,0,0,0,0,0,0,0,0,0,0,0,0,0,0,0,0,0,0,0,0,0,0,0,0,0,0,0,0,0,0,0,0,0,0,0,0,0,0,0,0,0,0,0,0,0,0,0,0,0,0,0,0,0,0,0,0,0,0,0,0,0,0,0,0,0,0,0,0,0,0,0,0,0,0,0,0,0,0,0,0
83606,83606,西域白马,6,152,暂无说明,3600,21600,20,4,18,4,10,0,0,0,0,45,70000,1,0,1,0,0,0,0,0,0,300,60,0,10,0,0,0,0,0,0,0,0,0,0,0,0,0,0,0,0,0,0,Null,Null,0,0,0,0,0,0,0,0,900,0,0,0,0,0,0,0,0,0,0,0,0,0,0,0,0,0,37500,3600,9,7,0,0,0,0,0,0,0,0,0,0,0,0,0,0,0,0,0,0,0,0,0,0,0,0,0,0,0,0,0,0,0,0,0,0,0,0,0,0,0,0,0,0,0,0,0,0,0,0,0,0,0,0,0,0,0,0,0,0,0,0,0,0,0,0,0,0,0,0,0,0,0,0,0,0,0,0,0,0,0,0,0,0,0,0,0,0,0,0,0,0,0,0,0,0,0,0,0,0,0,0,0,0,0,0,0,0,0,0,0,0,0,0,0,0,0,0,0,0,0,0,0,0,0,0
83607,83607,关外名驹,7,151,暂无说明,4900,34300,15,4,18,4,10,0,0,0,0,50,80000,1,0,1,0,0,0,0,0,0,350,70,0,10,0,0,0,0,0,0,0,0,0,0,0,0,0,0,0,0,0,0,Null,Null,0,0,0,0,0,0,0,0,1000,0,0,0,0,0,0,0,0,0,0,0,0,0,0,0,0,0,45000,4550,11,8,0,0,0,0,0,0,0,0,0,0,0,0,0,0,0,0,0,0,0,0,0,0,0,0,0,0,0,0,0,0,0,0,0,0,0,0,0,0,0,0,0,0,0,0,0,0,0,0,0,0,0,0,0,0,0,0,0,0,0,0,0,0,0,0,0,0,0,0,0,0,0,0,0,0,0,0,0,0,0,0,0,0,0,0,0,0,0,0,0,0,0,0,0,0,0,0,0,0,0,0,0,0,0,0,0,0,0,0,0,0,0,0,0,0,0,0,0,0,0,0,0,0,0,0
83608,83608,青牛,8,150,暂无说明,6400,51200,10,4,18,4,10,0,0,0,0,60,90000,1,0,1,0,0,0,0,0,0,400,80,0,10,0,0,0,0,0,0,0,0,0,0,0,0,0,0,0,0,0,0,Null,Null,0,0,0,0,0,0,0,0,1800,0,0,0,0,0,0,0,0,0,0,0,0,0,0,0,0,0,52500,5600,12,9,0,0,0,0,0,0,0,0,0,0,0,0,0,0,0,0,0,0,0,0,0,0,0,0,0,0,0,0,0,0,0,0,0,0,0,0,0,0,0,0,0,0,0,0,0,0,0,0,0,0,0,0,0,0,0,0,0,0,0,0,0,0,0,0,0,0,0,0,0,0,0,0,0,0,0,0,0,0,0,0,0,0,0,0,0,0,0,0,0,0,0,0,0,0,0,0,0,0,0,0,0,0,0,0,0,0,0,0,0,0,0,0,0,0,0,0,0,0,0,0,0,0,0,0
83609,83609,汗血宝马,9,153,暂无说明,8100,72900,5,4,18,4,10,0,0,0,0,70,100000,1,0,1,0,0,0,0,0,0,450,90,0,10,0,0,0,0,0,0,0,0,0,0,0,0,0,0,0,0,0,0,Null,Null,0,0,0,0,0,0,0,0,900,0,0,0,0,0,0,0,0,0,0,0,0,0,0,0,0,0,60000,6750,14,10,0,0,0,0,0,0,0,0,0,0,0,0,0,0,0,0,0,0,0,0,0,0,0,0,0,0,0,0,0,0,0,0,0,0,0,0,0,0,0,0,0,0,0,0,0,0,0,0,0,0,0,0,0,0,0,0,0,0,0,0,0,0,0,0,0,0,0,0,0,0,0,0,0,0,0,0,0,0,0,0,0,0,0,0,0,0,0,0,0,0,0,0,0,0,0,0,0,0,0,0,0,0,0,0,0,0,0,0,0,0,0,0,0,0,0,0,0,0,0,0,0,0,0,0

570703,570703,《唤剑术》,3,202,然山派真传秘籍。,900,0,35,5,21,0,0,0,0,27,0,0,0,1,0,1,0,0,0,0,0,0,0,0,0,4,1,0,0,0,0,0,0,0,0,0,0,0,0,0,0,0,0,0,Null,Null,0,0,0,0,0,0,0,0,20,0,0,0,0,0,0,0,0,0,0,0,0,0,0,0,0,0,15000,1800,6,6,0,0,0,0,0,0,0,0,0,0,0,0,17,70703,0,0,240,0,0,0,0,0,0,0,0,0,0,0,0,0,0,0,0,0,0,0,0,0,0,0,0,0,0,0,0,0,0,0,0,0,0,0,0,0,0,0,0,0,0,0,0,0,0,0,0,0,0,0,0,0,0,0,0,0,0,0,0,0,0,0,0,0,0,0,0,0,0,0,0,0,0,0,0,0,0,0,0,0,0,0,0,0,0,0,0,0,0,0,0,0,0,0,0,0,0,0,0,0,0,0,0,0,0,0
