#,0,1,2,3,4,5,6,7,8,9,99,98
0,无,0,0,0,0,0,0,0,0,0,,
1,囫囵吞枣,0,0,-50,0,1,0,0,0,0,直接跳过当前正在研读的篇章。\n后续篇章的研读成功率将会下降C_2000350%C_D。,此篇姑且随意略过，先看下一个篇章吧……
2,行思坐忆,10,200,0,-50,0,0,0,0,5,当前篇章的研读进度增加量降低C_2000350%C_D。\n当前篇章的研读成功率增加C_20003200%C_D。\nC_20008使用时，研读耐心增加C_200035C_D点。C_D,此篇所述，应当如此？嗯……亦或如此？嗯……\n咦？我如何会站在这里？
3,独见独知,10,300,0,50,0,500,0,0,10,从当前篇章中获得的「历练」奖励增加C_20003500%C_D。\nC_20008使用时，研读耐心增加C_2000310C_D点。C_D,此篇见解虽然高明，但依我之见，未必就没有疏漏之处……
4,口诵心惟,40,0,0,300,0,0,0,0,10,当前篇章的研读进度增加量增加C_20003100%C_D。\nC_20008使用时，研读耐心增加C_2000310C_D点。C_D,“专心一志，口诵心惟”……\n口中所念，心中所想，当可过目不忘。
5,迁思回虑,30,0,0,0,0,0,1,0,20,暂时停止耐心值下降。\nC_20008使用时，研读耐心增加C_2000320C_D点。C_D,读书百遍，其义自见……
6,温故知新,40,300,0,50,-99,100,0,0,-10,从第一篇章重新开始研读。\nC_20010使用时，研读耐心减少C_2000310%C_D。C_D,“学而时习之，温故而知新”……\n重头再读，或许能够另有收获？
7,融会贯通,10,0,0,0,0,0,0,200,10,每篇已阅读过的篇章能使当前篇章的研读成功率增加C_20003200%C_D。\nC_20008使用时，研读耐心增加C_2000310C_D点。C_D,此篇所述，若能与其它各篇加以应证，想必便可以豁然开朗。
8,奇思妙想,10,500,0,0,0,0,0,0,10,当前篇章的研读成功率增加C_20003500%C_D。\nC_20008使用时，研读耐心增加C_2000310C_D点。C_D,“一叶渔船两小童，收篙停棹坐船中。\n怪生无雨都张伞，不是遮头是使风。”
9,大智若愚,80,0,0,0,1,0,0,0,0,直接跳过当前正在研读的篇章。,此篇似是而非，一时难解。\n不如默记概要，即便无法理解，多识些字，也是好的。
,,,,,,,,,,,,
101,开始研读,,,,,,,,,,开始进行研读。,准备开始研读|……
102,研读成功,,,,,,,,,,研读成功一个新的正练篇章。,C_20005正是如此，正是如此。此篇当真妙不可言……C_D
103,研读失败,,,,,,,,,,研读成功率低于0的时候。,此篇不明所以，恐怕难以继续……
104,研读缓慢,,,,,,,,,,研读一篇所用时间太久的时候。,研读此篇已经耗费大量时日，恐怕难以继续……\nC_20010（耐心值开始下降）C_D
105,研读成功,,,,,,,,,,研读成功一个新的逆练篇章。,C_20008正是如此，正是如此。此篇当真妙不可言……C_D\nC_20010你隐隐感觉自己的内息略有一些紊乱了……C_D