#,0,1,12,99,2,3,7,11,8,9,10,5,4,6,101,102,103,201,202,203,301,302,901,902,903,904,905,906,907,908,909,910,911,912,913,914,915,916,995,996,997,998,999,994

10001,促织高鸣,-1&2,-1,此处万籁俱寂，偶尔传出几声促织的鸣叫，所谓“虫王出，百里肃”，有虫王的地方，通常方圆数十里内不闻杂音，或许能在此处捕捉到珍稀的促织。,0,1,1,1,516|516|516|516|516,1,0,0&0,6,0,-1,-1,-1,99,-1,-1,0,1031,1013,1013,1013,1013,1013,1013,1001,1015,1023,1005,1007,1003,1009,1011,1017,1030,-7&10,0&0,1,7,0,0
10005,促织高鸣,-1&2,-1,此处万籁俱寂，偶尔传出几声促织的鸣叫，所谓“虫王出，百里肃”，有虫王的地方，通常方圆数十里内不闻杂音，或许能在此处捕捉到珍稀的促织。,0,3,3,1,516|516|516|516|516,1,0,0&0,6,0,-1,-1,-1,99,-1,-1,0,1031,1013,1013,1013,1013,1013,1013,1001,1015,1023,1005,1007,1003,1009,1011,1017,1030,-7&30,0&0,1,7,0,0
10006,促织高鸣,-1&2,-1,此处万籁俱寂，偶尔传出几声促织的鸣叫，所谓“虫王出，百里肃”，有虫王的地方，通常方圆数十里内不闻杂音，或许能在此处捕捉到珍稀的促织。,0,5,5,1,516|516|516|516|516,1,0,0&0,6,0,-1,-1,-1,99,-1,-1,0,1031,1013,1013,1013,1013,1013,1013,1001,1015,1023,1005,1007,1003,1009,1011,1017,1030,-7&50,0&0,1,7,0,0

10002,商贾云集,7&2|8&2,-1,一场维持数月的集会正在此地举办，来自五湖四海的商贾满载着货物沿街叫卖，好一番热闹景象！,0,1,1,2,506|506|506|506|506,2,0,0&0,6,0,6|100,-1,-1,-1,-1,-1,0,3001,1013,1013,1013,1013,1013,1013,1001,1015,1023,1005,1007,1003,1009,1011,1017,1030,-1&1,0&0,3,1,0,0
10003,商贾云集,7&3|8&3,-1,一场维持数月的集会正在此地举办，来自五湖四海的商贾满载着货物沿街叫卖，好一番热闹景象！,0,3,3,2,506|506|506|506|506,2,0,0&0,6,0,6|200,-1,-1,-1,-1,-1,0,3001,1013,1013,1013,1013,1013,1013,1001,1015,1023,1005,1007,1003,1009,1011,1017,1030,-1&3,0&0,3,1,0,0
10004,商贾云集,7&4|8&4,-1,一场维持数月的集会正在此地举办，来自五湖四海的商贾满载着货物沿街叫卖，好一番热闹景象！,0,5,5,2,506|506|506|506|506,2,0,0&0,6,0,6|300,-1,-1,-1,-1,-1,0,3001,1013,1013,1013,1013,1013,1013,1001,1015,1023,1005,1007,1003,1009,1011,1017,1030,-1&5,0&0,3,1,0,0

