#,0,98,97,1,2,3,4,5,6,7,8,9,10,11,12,13,14,15,16,17,18,19,20,21,22,23,24,25,26,27,28,99
0,未知类型,0,0,0,0,0,0,0,0,0,0,0,0,0,0,0,0,0,0,0,0,0,0,0,0,0,0,0,0,0,0,尚未确定成品的类型…\nC_20003 C_D
701,金铁针匣,2,100,50201,50301,0,0,0,0,0,0,0,0,0,0,0,0,0,0,0,0,0,0,0,0,0,0,0,0,0,0,金铁长针虽然沉重，难以及远，但极其尖锐，能够轻易穿透大部分防护……\nC_20003软铁4弹2御，内伤25%，增加内息破体，距离4.5~6.5。\n硬铁4弹2御，内伤10%，增加内息破体，距离4.5~6.5。C_D
702,金铁暗器,8,125,50601,50701,0,0,0,0,0,0,0,0,0,0,0,0,0,0,0,0,0,0,0,0,0,0,0,0,0,0,金铁暗器多用于投掷，虽然较为沉重，难以及远，但杀伤力颇高……\nC_20003软铁2掷2御2弹，内伤5%，距离4~6。\n硬铁4掷1御1弹，内伤10%，距离4~6。 C_D
703,金铁对刺,5,150,50401,50501,0,0,0,0,0,0,0,0,0,0,0,0,0,0,0,0,0,0,0,0,0,0,0,0,0,0,金铁对刺虽然沉重，但配有手指套环，转动十分迅疾，拥有惊人的破坏力……\nC_20003软铁4刺2撩，内伤10%，增加迅疾，距离2~4。\n硬铁4刺2撩，增加迅疾，距离2~4。C_D
704,金铁宝物,37,175,50801,50901,0,0,0,0,0,0,0,0,0,0,0,0,0,0,0,0,0,0,0,0,0,0,0,0,0,0,金铁宝物多铸造成阳刚而威猛之物，能够增强佩戴者的外功……\nC_20003软铁减少内功发挥。\n硬铁增加造成外伤。 C_D
705,金铁箫笛,11,200,51001,51101,0,0,0,0,0,0,0,0,0,0,0,0,0,0,0,0,0,0,0,0,0,0,0,0,0,0,金铁箫笛虽然音色较少，但声音沉稳厚重，力道十足……\nC_20003软铁2音2拿2点，增加拆招，距离2~4。\n硬铁2音2拿2点，增加拆招，距离2~4。 C_D
706,金铁冠饰,41,225,51201,51301,0,0,0,0,0,0,0,0,0,0,0,0,0,0,0,0,0,0,0,0,0,0,0,0,0,0,金铁冠饰虽然沉重，但质地无比坚硬，能够有效抵御兵刃的攻击……\nC_20003增加施展速度，护体，力道。 C_D
707,金铁鞋子,45,250,51401,51501,0,0,0,0,0,0,0,0,0,0,0,0,0,0,0,0,0,0,0,0,0,0,0,0,0,0,金铁鞋子虽然沉重，但质地无比坚硬，能够有效抵御兵刃的攻击，并且还能增强腿法的杀伤力……\nC_20003增加移动速度，护体，力道。 C_D
708,金铁手套·摧,14,275,51601,51801,0,0,0,0,0,0,0,0,0,0,0,0,0,0,0,0,0,0,0,0,0,0,0,0,0,0,以“摧”字法铸就的金铁手套，不仅质地坚硬，还在手套各处铸有突起的棱角或利刃，故而更具破坏力……\nC_200033软铁3拿2点1崩，增加力道迅疾，距离2~4。\n硬铁3崩2拿1点，增加力道卸力，距离2~4。 C_D
709,金铁手套·震,14,275,51701,51901,0,0,0,0,0,0,0,0,0,0,0,0,0,0,0,0,0,0,0,0,0,0,0,0,0,0,以“震”字法铸就的金铁手套，因刻意加厚了掌背、掌心、掌下缘等部分，故而能使出更为沉重的掌击……\nC_20003软铁4崩1拿1点，增加卸力，距离2~4。\n硬铁4崩1拿1点，增加力道，距离2~4。 C_D
710,金铁短杵,18,300,52001,52101,0,0,0,0,0,0,0,0,0,0,0,0,0,0,0,0,0,0,0,0,0,0,0,0,0,0,金铁短杵形制虽小，但十分沉重，因为杵身与杵头乃一体铸就，故而无比坚固，破坏力也十分惊人……\nC_20003软铁3劈2掷1崩，增加力道迅疾，距离2~4。\n硬铁4劈1崩1掷，增加力道，距离2~4。 C_D
711,金铁剑·锐,25,325,52201,52501,0,0,0,0,0,0,0,0,0,0,0,0,0,0,0,0,0,0,0,0,0,0,0,0,0,0,以“锐”字法铸就的金铁剑，可成“长剑”或“素剑”，不仅剑身修长，而且剑锋最是锐利……\nC_20003软铁4刺1劈1撩，增加迅疾，距离3~5.5。\n硬铁3刺2撩1劈，增加力道精妙，距离3~5。 C_D
712,金铁剑·极,25,350,52401,52701,0,0,0,0,0,0,0,0,0,0,0,0,0,0,0,0,0,0,0,0,0,0,0,0,0,0,以“极”字法铸就的金铁剑，可成“钝剑”或“软剑”，乃是将所用材料之性质极端化而成的极刚、极柔之剑……\nC_20003软铁4撩1劈1刺，内伤20%，增加精妙迅疾，距离3~5.5。\n硬铁3劈2刺1撩，增加卸力拆招，距离3~5。 C_D
713,金铁剑·拙,25,375,52301,52601,0,0,0,0,0,0,0,0,0,0,0,0,0,0,0,0,0,0,0,0,0,0,0,0,0,0,以“拙”字法铸就的金铁剑，可成“重剑”或“阔剑”，因为剑身厚重，只开三分刃，故而十分刚强……\nC_20003软铁3劈2刺1撩，增加精妙卸力，距离3~5。\n硬铁4劈1撩1刺，增加力道，距离3~5.5。 C_D
714,金铁刀·圆,28,400,53001,53301,0,0,0,0,0,0,0,0,0,0,0,0,0,0,0,0,0,0,0,0,0,0,0,0,0,0,以“圆”字法铸就的金铁刀，可成“短刀”或“弯刀”，因形制较小，运用起来十分灵活……\nC_20003软铁3撩2劈1刺，增加力道拆招，距离3.5~5.5。\n硬铁4劈1撩1刺，增加卸力，距离3.5~5.5。 C_D
715,金铁刀·锋,28,425,52801,53101,0,0,0,0,0,0,0,0,0,0,0,0,0,0,0,0,0,0,0,0,0,0,0,0,0,0,以“锋”字法铸就的金铁刀，可成“直刀”或“长刀”，刀身修长，刀锋锐利，杀伤力十分惊人……\nC_20003软铁3劈2刺1撩，增加力道精妙，距离3.5~6。\n硬铁3劈2撩1刺，增加力道迅疾，距离3.5~5.5。 C_D
716,金铁刀·烈,28,450,52901,53201,0,0,0,0,0,0,0,0,0,0,0,0,0,0,0,0,0,0,0,0,0,0,0,0,0,0,以“烈”字法铸就的金铁刀，可成“重刀”或“障刀”，刀身极其厚重、宽大，刀背多呈锯齿状，力道骇人……\nC_20003软铁4劈1刺1撩，内伤5%，增加力道卸力，距离3.5~5.5。\n硬铁4劈1撩1刺，增加力道，距离3.5~6。 C_D
717,金铁长兵·棍,31,475,53401,53601,0,0,0,0,0,0,0,0,0,0,0,0,0,0,0,0,0,0,0,0,0,0,0,0,0,0,金铁长棍虽然沉重，杀伤力也有限，但极其坚韧，无比耐磨……\nC_20003软铁3撩2劈1刺，内伤10%，增加护体，距离4~6。\n硬铁3撩2劈1刺，增加卸力，距离4~6。 C_D
718,金铁长兵·枪,31,475,53501,53701,0,0,0,0,0,0,0,0,0,0,0,0,0,0,0,0,0,0,0,0,0,0,0,0,0,0,金铁长枪的破坏力与杀伤力十分惊人，但枪尖较易磨损，需得时常维护……\nC_20003软铁4刺1劈1撩，增加力道迅疾，距离5~7。\n硬铁3劈2刺1撩，增加力道，距离5~7。 C_D
719,金铁瑶琴,34,500,53801,53901,0,0,0,0,0,0,0,0,0,0,0,0,0,0,0,0,0,0,0,0,0,0,0,0,0,0,金铁瑶琴虽然沉重，但声音沉稳厚重，力道十足……\nC_20003软铁6音，内伤40%，增加力道内息，距离4~6。\n硬铁6音，内伤35%，增加力道，距离4~6。 C_D
720,金铁护甲,49,600,54001|54101,54201|54301,0,0,0,0,0,0,0,0,0,0,0,0,0,0,0,0,0,0,0,0,0,0,0,0,0,0,金铁护甲虽然沉重，但质地无比坚硬，能够有效抵御兵刃的攻击……\nC_20003增加护体御气，硬铁2型无御气。 C_D
801,木制针匣,1,100,80201,80301,5004,0,0,0,0,0,0,0,0,0,0,0,0,0,0,0,0,0,0,0,0,0,0,0,0,0,木制长针虽然极易折损，但灵活多变，无比轻巧，可以及远……\nC_20003软木4御2弹，内伤45%，增加内息破气，距离5.5~8。\n硬木4御2弹，内伤20%，增加内息破气，距离5.5~8。 C_D
802,木制暗器,7,125,80601,80701,80701,0,0,0,0,0,0,0,0,0,0,0,0,0,0,0,0,0,0,0,0,0,0,0,0,0,木制暗器虽不以破坏力、杀伤力为其所长，但变化多端，可以及远……\nC_20003软木4御1弹1掷，内伤45%，距离5~8。\n硬木3御2弹1掷，内伤35%，距离5~8。 C_D
803,木制对刺,4,150,80401,80501,80501,0,0,0,0,0,0,0,0,0,0,0,0,0,0,0,0,0,0,0,0,0,0,0,0,0,木制对刺虽然杀伤力较低且容易损坏，但具有较高的韧性，能够弯折，尤其灵巧多变……\nC_20003软木4撩2刺，内伤30%，增加闪避，距离2~4。\n硬木4撩2刺，内伤25%，增加闪避，距离2~4。 C_D
804,木制宝物·染,36,175,80801,80901,80901,0,0,0,0,0,0,0,0,0,0,0,0,0,0,0,0,0,0,0,0,0,0,0,0,0,以“染”字法制成的木制宝物，可抵御“烈毒”或“郁毒”对佩戴者的侵袭……\nC_20003软木郁毒抵抗，硬木烈毒抵抗。 C_D
805,木制宝物·伤,36,175,80810,80910,80910,0,0,0,0,0,0,0,0,0,0,0,0,0,0,0,0,0,0,0,0,0,0,0,0,0,以“伤”字法制成的木制宝物，可抵御“寒毒”或“赤毒”对佩戴者的侵袭……\nC_20003软木赤毒抵抗，硬木寒毒抵抗。 C_D
806,木制宝物·毁,36,175,80819,80919,80919,0,0,0,0,0,0,0,0,0,0,0,0,0,0,0,0,0,0,0,0,0,0,0,0,0,以“毁”字法制成的木制宝物，可抵御“腐毒”或“幻毒”对佩戴者的侵袭……\nC_20003软木幻毒抵抗，硬木腐毒抵抗。 C_D
807,木制箫笛,10,200,81001,81101,81101,0,0,0,0,0,0,0,0,0,0,0,0,0,0,0,0,0,0,0,0,0,0,0,0,0,木制箫笛虽然脆弱，绝非兵刃，但轻巧灵活，声音尤其婉转动听……\nC_20003软木3音2拿1点，内伤55%，增加精妙，距离2~4。\n硬木3音2拿1点，内伤45%，增加精妙，距离2~4。 C_D
808,木制冠饰,40,225,81201,81301,81301,0,0,0,0,0,0,0,0,0,0,0,0,0,0,0,0,0,0,0,0,0,0,0,0,0,木制冠饰不仅轻便，而且坚固，加之木之为物，生而便具有韧性……\nC_20003增加施展速度，守御效率，迅疾。 C_D
809,木制鞋子,44,250,81401,81501,81501,0,0,0,0,0,0,0,0,0,0,0,0,0,0,0,0,0,0,0,0,0,0,0,0,0,木制鞋子不仅轻便，而且坚固，加之木之为物，生而便具有韧性，另外还能增强腿法的杀伤力……\nC_20003增加移动速度，守御效率，迅疾。 C_D
810,木制手套,13,275,81601,81701,81701,0,0,0,0,0,0,0,0,0,0,0,0,0,0,0,0,0,0,0,0,0,0,0,0,0,木制手套具有极好的平衡性，虽然杀伤力有限，但轻巧灵活，韧性十足……\nC_20003软木3拿2点1崩，内伤45%，增加闪避，距离2~4。\n硬木2崩2拿2点，内伤20%，增加迅疾，距离2~4。 C_D
811,木制短杵,17,300,81801,81901,81901,0,0,0,0,0,0,0,0,0,0,0,0,0,0,0,0,0,0,0,0,0,0,0,0,0,木制短杵一反杵之常形，因重量更轻，故而更易于变化，不必再纯以强力制敌……\nC_20003软木3崩2掷1劈，内伤20%，增加迅疾，距离2~4。\n硬木3崩2劈1掷，内伤15%，增加力道迅疾，距离2~4。 C_D
812,木制拂尘,20,325,82001,82101,82101,0,0,0,0,0,0,0,0,0,0,0,0,0,0,0,0,0,0,0,0,0,0,0,0,0,木制拂尘着重于拂尘手柄之制作，能够进行更有力的挥舞与扫击……\nC_20003软木6扫，内伤45%，增加拆招，距离3~5。\n硬木6扫，内伤35%，增加拆招，距离3~5。 C_D
813,木制长鞭,22,325,82201,82301,82301,0,0,0,0,0,0,0,0,0,0,0,0,0,0,0,0,0,0,0,0,0,0,0,0,0,木制长鞭由无数个木节穿连组成，因此整体棱角分明，抽打起来颇具威力……\nC_20003软木6缠，内伤20%，增加精妙，距离3~6。\n硬木6缠，增加精妙，距离3~6。 C_D
814,木制剑,24,350,82401,82501,82501,0,0,0,0,0,0,0,0,0,0,0,0,0,0,0,0,0,0,0,0,0,0,0,0,0,木制剑虽然脆弱，难以攻坚，但轻巧灵活，收发之际绝无半分阻碍……\nC_20003软木3撩2刺1劈，内伤35%，增加闪避，距离3~5.5。\n硬木2撩2刺2劈，内伤30%，增加迅疾闪避，距离3~5.5。 C_D
815,木制刀,27,350,82601,82701,82701,0,0,0,0,0,0,0,0,0,0,0,0,0,0,0,0,0,0,0,0,0,0,0,0,0,木制刀虽然脆弱，难以攻坚，但轻巧灵活，收发之际绝无半分阻碍……\nC_20003软木2劈2撩2刺，内伤25%，增加闪避，距离3.5~6。\n硬木3劈2撩1刺，内伤20%，增加迅疾闪避，距离3.5~6。 C_D
816,木制长兵·具,30,375,82801,82901,82901,0,0,0,0,0,0,0,0,0,0,0,0,0,0,0,0,0,0,0,0,0,0,0,0,0,以“具”字法制成的木制长兵，虽然长短不一，曲直不定，但浑然天成，既可防身御敌，亦可作为工具使用……\nC_20003软木4撩1劈1刺，内伤40%，增加迅疾闪避，距离4.5~6.5。\n硬木3撩2劈1刺，内伤20%，增加迅疾，距离4~6。 C_D
817,木制长兵·持,30,375,82810,82910,82910,0,0,0,0,0,0,0,0,0,0,0,0,0,0,0,0,0,0,0,0,0,0,0,0,0,以“持”字法制成的木制长兵，多为僧人修行之用，既可防身御敌，亦有些许宗教寓意……\nC_20003软木4撩1劈1刺，内伤50%，增加拆招，距离4.5~6.5。\n硬木3劈2撩1刺，内伤35%，增加精妙卸力，距离4~6。 C_D
818,木制瑶琴,33,400,83001,83101,83101,0,0,0,0,0,0,0,0,0,0,0,0,0,0,0,0,0,0,0,0,0,0,0,0,0,木制瑶琴音色绝美，灵活多变，琴声极具穿透之力……\nC_20003软木6音，内伤65%，增加拆招闪避，距离5~8。\n硬木6音，内伤60%，增加精妙迅疾，距离5~8。 C_D
819,木制护甲,48,500,83201,83301,83301,0,0,0,0,0,0,0,0,0,0,0,0,0,0,0,0,0,0,0,0,0,0,0,0,0,木制护甲不仅轻便，而且坚固，加之木之为物，生而便具有韧性……\nC_20003增加护体御气。 C_D
820,木制代步,53,600,83401,83501,83501,0,0,0,0,0,0,0,0,0,0,0,0,0,0,0,0,0,0,0,0,0,0,0,0,0,木制代步即独轮、两轮乃至四轮载具，可负重，可乘坐……\nC_20003软木代步增加失心人救治几率，硬木代步增加敌人掉落物品。 C_D
1101,织造宝物·饰,39,200,70201,70301,0,0,0,0,0,0,0,0,0,0,0,0,0,0,0,0,0,0,0,0,0,0,0,0,0,0,织造宝物种类繁多，或为方帕，或为香囊，亦可织旗、做鼓，能够增强佩戴者的架势速度或提气速度……\nC_20003布制增加提气速度，皮制增加架势速度。 C_D
1102,织造冠饰·冲,43,250,70401,70801,0,0,0,0,0,0,0,0,0,0,0,0,0,0,0,0,0,0,0,0,0,0,0,0,0,0,以“冲”字法织就的织造冠饰，形制潇洒，飘然欲仙，能够增强穿戴者的架势速度或提气速度……\nC_20003布制增加施展速度，提气速度。\n皮制增加施展速度，架势速度。 C_D
1103,织造冠饰·卫,43,250,70501,70901,0,0,0,0,0,0,0,0,0,0,0,0,0,0,0,0,0,0,0,0,0,0,0,0,0,0,以“卫”字法织就的织造冠饰，做工扎实，结构精巧，能够增强穿戴者的护体或闪避……\nC_20003布制增加施展速度，闪避。\n皮制增加施展速度，护体。 C_D
1104,织造冠饰·解,43,250,70601,71001,0,0,0,0,0,0,0,0,0,0,0,0,0,0,0,0,0,0,0,0,0,0,0,0,0,0,以“解”字法织就的织造冠饰，朴素大方，浑然一体，能够增强穿戴者的拆招或御气……\nC_20003布制增加施展速度，御气。\n皮制增加施展速度，拆招。 C_D
1105,织造冠饰·化,43,250,70701,71101,0,0,0,0,0,0,0,0,0,0,0,0,0,0,0,0,0,0,0,0,0,0,0,0,0,0,以“化”字法织就的织造冠饰，圆融贯通，纹饰考究，能够增强穿戴者的卸力或内息……\nC_20003布制增加施展速度，内息。\n皮制增加施展速度，协力。 C_D
1106,织造鞋子·冲,47,275,71201,71601,0,0,0,0,0,0,0,0,0,0,0,0,0,0,0,0,0,0,0,0,0,0,0,0,0,0,以“冲”字法织就的织造鞋子，形制潇洒，飘然欲仙，能够增强穿戴者的架势速度或提气速度，另外还能增强腿法的杀伤力……\nC_20003布制增加移动速度，提气速度。\n皮制增加移动速度，架势速度。 C_D
1107,织造鞋子·卫,47,275,71301,71701,0,0,0,0,0,0,0,0,0,0,0,0,0,0,0,0,0,0,0,0,0,0,0,0,0,0,以“卫”字法织就的织造鞋子，做工扎实，结构精巧，能够增强穿戴者的护体或闪避，另外还能增强腿法的杀伤力……\nC_20003布制增加移动速度，闪避。\n皮制增加移动速度，护体。 C_D
1108,织造鞋子·解,47,275,71401,71801,0,0,0,0,0,0,0,0,0,0,0,0,0,0,0,0,0,0,0,0,0,0,0,0,0,0,以“解”字法织就的织造鞋子，朴素大方，浑然一体，能够增强穿戴者的拆招或御气，另外还能增强腿法的杀伤力……\nC_20003布制增加移动速度，御气。\n皮制增加移动速度，拆招。 C_D
1109,织造鞋子·化,47,275,71501,71901,0,0,0,0,0,0,0,0,0,0,0,0,0,0,0,0,0,0,0,0,0,0,0,0,0,0,以“化”字法织就的织造鞋子，圆融贯通，纹饰考究，能够增强穿戴者的卸力或内息，另外还能增强腿法的杀伤力……\nC_20003布制增加移动速度，内息。\n皮制增加移动速度，卸力。 C_D
1110,织造手套·朴,16,300,72001,72201,0,0,0,0,0,0,0,0,0,0,0,0,0,0,0,0,0,0,0,0,0,0,0,0,0,0,以“朴”字法织就的织造手套，讲究仅以“一丝一革”而成形，绝无拼接，故而使用起来无半分滞碍……\nC_20003布制4点1崩1拿，内伤50%，增加迅疾闪避，距离2~4。\n皮制3崩2拿1点，增加力道精妙，距离2~4。 C_D
1111,织造手套·玄,16,300,72101,72301,0,0,0,0,0,0,0,0,0,0,0,0,0,0,0,0,0,0,0,0,0,0,0,0,0,0,以“玄”字法织就的织造手套，不仅轻灵柔活，而且形制大多奇特，能够出奇制胜……\nC_20003布制4拿1崩1点，内伤75%，增加精妙迅疾，距离2~4。\n皮制2崩2拿2点，内伤25%，增加精妙拆招，距离2~4。 C_D
1112,织造拂尘,21,350,72401,72501,0,0,0,0,0,0,0,0,0,0,0,0,0,0,0,0,0,0,0,0,0,0,0,0,0,0,织造拂尘着重于拂尘丝之编制，能够更灵活的缠绕和牵引敌人……\nC_20003布制6扫，内伤65%，增加卸力，距离3.5~6。\n皮制6扫，内伤55%，增加卸力，距离3.5~6。 C_D
1113,织造长鞭,23,350,72601,72701,0,0,0,0,0,0,0,0,0,0,0,0,0,0,0,0,0,0,0,0,0,0,0,0,0,0,织造长鞭经过精心的编织和复杂的工艺处理，因而无比柔韧轻灵……\nC_20003布制6缠，内伤40%，增加迅疾，距离3.5~7。\n皮制6缠，内伤30%，增加迅疾，距离3.5~7。 C_D
1114,织造宝物·袋,39,375,74001,74001,0,0,0,0,0,0,0,0,0,0,0,0,0,0,0,0,0,0,0,0,0,0,0,0,0,0,织造口袋十分扎实耐用，能够收纳许多物品，增强携带者的负重能力……\nC_20003增加背包。 C_D
1115,织造宝物·绳,39,375,74101,74101,0,0,0,0,0,0,0,0,0,0,0,0,0,0,0,0,0,0,0,0,0,0,0,0,0,0,织造绳索十分坚韧耐用，其用途极多，可作为捆缚、牵引等之工具……\nC_20003减少移动速度，攻击速度（抓到人以后给他装上）。 C_D
1116,织造衣着,52,400,73601,73701,0,0,0,0,0,0,0,0,0,0,0,0,0,0,0,0,0,0,0,0,0,0,0,0,0,0,织造衣着乃人人必备之物，正所谓“衣、食、住、行”，衣为第一，衣着代表着穿戴者的身份和形象……\nC_20003 C_D
1117,织造护甲·冲,51,500,72801,73201,0,0,0,0,0,0,0,0,0,0,0,0,0,0,0,0,0,0,0,0,0,0,0,0,0,0,以“冲”字法织就的织造护甲，形制潇洒，飘然欲仙，能够增强穿戴者的架势速度或提气速度……\nC_20003增加护体御气。 C_D
1118,织造护甲·卫,51,500,72901,73301,0,0,0,0,0,0,0,0,0,0,0,0,0,0,0,0,0,0,0,0,0,0,0,0,0,0,以“卫”字法织就的织造护甲，做工扎实，结构精巧，能够增强穿戴者的护体或闪避……\nC_20003增加护体御气。 C_D
1119,织造护甲·解,51,500,73001,73401,0,0,0,0,0,0,0,0,0,0,0,0,0,0,0,0,0,0,0,0,0,0,0,0,0,0,以“解”字法织就的织造护甲，朴素大方，浑然一体，能够增强穿戴者的拆招或御气……\nC_20003布制增加御气，皮制增加护体御气。 C_D
1120,织造护甲·化,51,500,73101,73501,0,0,0,0,0,0,0,0,0,0,0,0,0,0,0,0,0,0,0,0,0,0,0,0,0,0,以“化”字法织就的织造护甲，圆融贯通，纹饰考究，能够增强穿戴者的卸力或内息……\nC_20003增加护体御气。 C_D
1201,玉石针匣,3,100,60201,60301,0,0,0,0,0,0,0,0,0,0,0,0,0,0,0,0,0,0,0,0,0,0,0,0,0,0,玉石长针亦称“石砭”，乃是纯以宝石或以精铁为针尖再套以玉饰而成之锐器……\nC_20003软玉3弹3御，内伤35%，增加内息破体破气，距离5~7。\n硬玉3弹3御，内伤15%，增加内息破体破气，距离5~7。 C_D
1202,玉石暗器,9,125,60601,60701,0,0,0,0,0,0,0,0,0,0,0,0,0,0,0,0,0,0,0,0,0,0,0,0,0,0,玉石暗器形制多变，大多陆离光怪，炫人眼目，好似饰品玩物，可谓既美艳又凶险……\nC_20003软玉4弹1御1掷，内伤25%，距离4.5~7。\n硬玉3弹2御1掷，内伤15%，距离4.5~7。 C_D
1203,玉石对刺,6,150,60401,60501,0,0,0,0,0,0,0,0,0,0,0,0,0,0,0,0,0,0,0,0,0,0,0,0,0,0,玉石对刺或以硬质宝石为刺尖、或以美玉为手指套环；色彩或通透如水、或绚丽似锦，乃是极瑰丽的凶器……\nC_20003软玉3撩3刺，内伤20%，增加迅疾闪避，距离2~4。\n硬玉3撩3刺，内伤15%，增加迅疾闪避，距离2~4。 C_D
1204,玉石宝物·动,38,175,60801,61501,0,0,0,0,0,0,0,0,0,0,0,0,0,0,0,0,0,0,0,0,0,0,0,0,0,0,所谓：玉通人性，可以“养人”。以“动”字法制成的玉石宝物，能够增强佩戴者的膂力或悟性……\nC_20003软玉增加悟性，硬玉增加膂力。 C_D
1205,玉石宝物·生,38,175,60901,61601,0,0,0,0,0,0,0,0,0,0,0,0,0,0,0,0,0,0,0,0,0,0,0,0,0,0,所谓：玉通人性，可以“养人”。以“生”字法制成的玉石宝物，能够增强佩戴者的体质或根骨……\nC_20003软玉增加根骨，硬玉增加体质。 C_D
1206,玉石宝物·驰,38,175,61001,61701,0,0,0,0,0,0,0,0,0,0,0,0,0,0,0,0,0,0,0,0,0,0,0,0,0,0,所谓：玉通人性，可以“养人”。以“驰”字法制成的玉石宝物，能够增强佩戴者的灵敏或定力……\nC_20003软玉增加定力，硬玉增加灵敏。 C_D
1207,玉石宝物·活,38,175,61101,61801,0,0,0,0,0,0,0,0,0,0,0,0,0,0,0,0,0,0,0,0,0,0,0,0,0,0,所谓：玉通人性，可以“养人”。以“活”字法制成的玉石宝物，能够增强佩戴者的外伤上限或内伤上限……\nC_20003软玉增加外伤上限，硬玉增加内伤上限。 C_D
1208,玉石宝物·收,38,175,61201,61901,0,0,0,0,0,0,0,0,0,0,0,0,0,0,0,0,0,0,0,0,0,0,0,0,0,0,所谓：玉通人性，可以“养人”。以“收”字法制成的玉石宝物，能够增强佩戴者的攻击迅疾或架势、提气消耗……\nC_20003软玉减少架势、提气消耗，硬玉增加迅疾。 C_D
1209,玉石宝物·寐,38,175,61301,62001,0,0,0,0,0,0,0,0,0,0,0,0,0,0,0,0,0,0,0,0,0,0,0,0,0,0,所谓：玉通人性，可以“养人”。以“寐”字法制成的玉石宝物，能够增强佩戴者的攻击精妙或造成的内伤强度……\nC_20003软玉增加造成内伤，硬玉增加精妙。 C_D
1210,玉石宝物·惊,38,175,61401,62101,0,0,0,0,0,0,0,0,0,0,0,0,0,0,0,0,0,0,0,0,0,0,0,0,0,0,所谓：玉通人性，可以“养人”。以“惊”字法制成的玉石宝物，能够增强佩戴者的攻击力道或内功发挥……\nC_20003软玉增加内功发挥，硬玉增加力道。 C_D
1211,玉石箫笛,12,200,62201,62301,0,0,0,0,0,0,0,0,0,0,0,0,0,0,0,0,0,0,0,0,0,0,0,0,0,0,玉石箫笛声音清澈，细腻动听，能够极快的转换乐音……\nC_20003软玉3音2点1拿，内伤35%，增加精妙拆招，距离2~4。\n硬玉3音2点1拿，内伤25%，增加精妙拆招，距离2~4。 C_D
1212,玉石冠饰,42,225,62401,62501,0,0,0,0,0,0,0,0,0,0,0,0,0,0,0,0,0,0,0,0,0,0,0,0,0,0,玉石冠饰虽脆弱易损，但“宁为玉碎，不为瓦全”，玉石冠饰也极容易损伤敌人的兵刃……\nC_20003增加施展速度，御气，精妙。 C_D
1213,玉石鞋子,46,250,62601,62701,0,0,0,0,0,0,0,0,0,0,0,0,0,0,0,0,0,0,0,0,0,0,0,0,0,0,玉石鞋子虽脆弱易损，但“宁为玉碎，不为瓦全”，玉石鞋子也极容易损伤敌人的兵刃，另外还能增强腿法的杀伤力……\nC_20003增加移动速度，御气，精妙。 C_D
1214,玉石手套,15,275,62801,62901,0,0,0,0,0,0,0,0,0,0,0,0,0,0,0,0,0,0,0,0,0,0,0,0,0,0,玉石手套虽然较容易损坏，但因多为指套或掌饰，运用起来绝无负担，故而十分迅疾，破坏力亦不容小觑……\nC_20003软玉3点2拿1崩，内伤35%，增加拆招，距离2~4。\n硬玉2崩2拿2点，内伤15%，增加精妙，距离2~4。 C_D
1215,玉石短杵,19,300,63001,63101,0,0,0,0,0,0,0,0,0,0,0,0,0,0,0,0,0,0,0,0,0,0,0,0,0,0,玉石短杵或以硬质宝石打造，或以精铁镶饰美玉而成，虽因此更易损坏，但光彩夺目，更增精妙……\nC_20003软玉2劈2掷2崩，内伤10%，增加力道精妙，距离2~4。\n硬玉3劈2崩1掷，内伤5%，增加力道精妙，距离2~4。 C_D
1216,玉石剑,26,350,63201,63301,0,0,0,0,0,0,0,0,0,0,0,0,0,0,0,0,0,0,0,0,0,0,0,0,0,0,玉石剑或以硬质宝石打造，或以精铁镶饰美玉而成，剑身流光溢彩，飘忽不定，令人更难闪躲……\nC_20003软玉3刺2撩1劈，内伤25%，增加拆招，距离3~5。\n硬玉3刺2劈1撩，内伤15%，增加精妙，距离3~5。 C_D
1217,玉石刀,29,350,63401,63501,0,0,0,0,0,0,0,0,0,0,0,0,0,0,0,0,0,0,0,0,0,0,0,0,0,0,玉石刀或以硬质宝石打造，或以精铁镶饰美玉而成，重量既轻，亦极锋利，挥舞起来十分迅疾……\nC_20003软玉3刺2劈1撩，内伤15%，增加拆招，距离3.5~5.5。\n硬玉3劈2刺1撩，内伤10%，增加精妙拆招，距离3.5~5.5。 C_D
1218,玉石长兵,32,375,63601,63701,0,0,0,0,0,0,0,0,0,0,0,0,0,0,0,0,0,0,0,0,0,0,0,0,0,0,玉石长兵或以硬质宝石打造，或以精铁镶饰美玉而成，因形制棱角分明，故而能攻能守，攻守兼备……\nC_20003软玉2劈2撩2刺，内伤30%，增加精妙，距离4~6。\n硬玉2劈2撩2刺，内伤15%，增加精妙拆招，距离4~6。 C_D
1219,玉石瑶琴,35,400,63801,63901,0,0,0,0,0,0,0,0,0,0,0,0,0,0,0,0,0,0,0,0,0,0,0,0,0,0,玉石瑶琴音色丰富，既能发铁琴之浑厚乐音，亦有木琴之婉转多变……\nC_20003软玉6音，内伤55%，增加御气，距离4.5~7。\n硬玉6音，内伤45%，增加精妙，距离4.5~7。 C_D
1220,玉石护甲,50,500,64001,64101,0,0,0,0,0,0,0,0,0,0,0,0,0,0,0,0,0,0,0,0,0,0,0,0,0,0,玉石护甲虽脆弱易损，但“宁为玉碎，不为瓦全”，玉石护甲也极容易损伤敌人的兵刃……\nC_20003增加护体，御气。 C_D